4.624019145965576172e+00
3.903015375137329102e+00
4.413965702056884766e+00
3.593721389770507812e+00
3.290191411972045898e+00
4.632431983947753906e+00
3.869346618652343750e+00
2.376912832260131836e+00
4.147636890411376953e+00
5.708059787750244141e+00
1.848622798919677734e+00
1.473158264160156250e+01
2.860105037689208984e+00
4.556951522827148438e+00
3.503490209579467773e+00
4.179203987121582031e+00
7.925496578216552734e+00
3.423714876174926758e+00
2.060123920440673828e+00
2.800016164779663086e+00
4.276672840118408203e+00
1.774231672286987305e+00
5.218414783477783203e+00
3.387382030487060547e+00
5.295182228088378906e+00
7.099060535430908203e+00
5.062111377716064453e+00
5.407840728759765625e+00
1.032818198204040527e+00
8.605300903320312500e+00
2.350724935531616211e+00
3.936083078384399414e+00
5.777276039123535156e+00
7.380033493041992188e+00
6.188431262969970703e+00
5.806475639343261719e+00
5.812075614929199219e+00
3.207763433456420898e+00
5.135321617126464844e+00
2.374735832214355469e+00
3.654719114303588867e+00
3.973890066146850586e+00
6.010721206665039062e+00
2.814658641815185547e+00
3.355190515518188477e+00
3.926160335540771484e+00
2.047020435333251953e+00
2.837831020355224609e+00
2.033145427703857422e+00
5.560825824737548828e+00
8.961236953735351562e+00
2.937757730484008789e+00
1.424625158309936523e+00
2.283555746078491211e+00
6.916109561920166016e+00
4.529798984527587891e+00
2.068117618560791016e+00
3.550178050994873047e+00
6.455383777618408203e+00
6.314052104949951172e+00
2.880058288574218750e+00
5.421391010284423828e+00
3.666853666305541992e+00
2.651931285858154297e+00
5.216580390930175781e+00
3.161282777786254883e+00
3.288170576095581055e+00
4.798031330108642578e+00
6.125989437103271484e+00
7.583070755004882812e+00
1.426803708076477051e+00
2.622267723083496094e+00
4.736611843109130859e+00
3.326313734054565430e+00
7.776486873626708984e+00
7.926775455474853516e+00
6.622588157653808594e+00
7.091378688812255859e+00
3.214010000228881836e+00
7.133972644805908203e+00
2.118688106536865234e+00
6.104686260223388672e+00
4.501974105834960938e+00
3.927440166473388672e+00
3.046239137649536133e+00
5.292663574218750000e+00
4.574860572814941406e+00
5.772419929504394531e+00
2.096339941024780273e+00
5.120980262756347656e+00
7.047197341918945312e+00
4.769746303558349609e+00
5.693323135375976562e+00
2.567159652709960938e+00
5.995870590209960938e+00
6.594345569610595703e+00
1.072053432464599609e+01
4.024720191955566406e+00
2.289202928543090820e+00
3.550491809844970703e+00
6.024989128112792969e+00
4.446356773376464844e+00
4.320520877838134766e+00
4.672499179840087891e+00
7.036771774291992188e+00
1.280294895172119141e+00
3.419522762298583984e+00
5.557752609252929688e+00
6.012105941772460938e+00
3.001312971115112305e+00
3.041188240051269531e+00
5.199968814849853516e+00
3.423414707183837891e+00
7.222803115844726562e+00
3.105554103851318359e+00
2.427115440368652344e+00
4.502204418182373047e+00
4.745707511901855469e+00
4.550115585327148438e+00
4.080510616302490234e+00
2.373115539550781250e+00
4.369492053985595703e+00
5.923554420471191406e+00
5.898168087005615234e+00
6.082215309143066406e+00
4.849428176879882812e+00
4.624618530273437500e+00
3.584300518035888672e+00
2.310373783111572266e+00
3.147870302200317383e+00
3.020559549331665039e+00
3.477419614791870117e+00
2.897655725479125977e+00
5.697488784790039062e+00
2.945310592651367188e+00
9.309258460998535156e+00
5.846861362457275391e+00
3.531645774841308594e+00
5.563711166381835938e+00
6.372359275817871094e+00
2.167983055114746094e+00
4.411352157592773438e+00
3.194371938705444336e+00
3.674211263656616211e+00
6.399942398071289062e+00
4.013557910919189453e+00
4.059818744659423828e+00
3.182410955429077148e+00
3.800387144088745117e+00
5.882965087890625000e+00
2.176055192947387695e+00
5.367488861083984375e+00
5.117635726928710938e+00
5.526051521301269531e+00
4.011893749237060547e+00
2.893271207809448242e+00
3.403616666793823242e+00
6.890401840209960938e+00
5.076732158660888672e+00
1.017913532257080078e+01
5.078285694122314453e+00
3.542975664138793945e+00
3.823033571243286133e+00
2.955297470092773438e+00
2.812252283096313477e+00
4.480480670928955078e+00
4.413225173950195312e+00
7.401744365692138672e+00
3.938327074050903320e+00
3.873224735260009766e+00
3.878504037857055664e+00
3.393677234649658203e+00
3.915307760238647461e+00
2.943864107131958008e+00
5.800851821899414062e+00
6.418327808380126953e+00
3.289140939712524414e+00
2.450069665908813477e+00
1.041322135925292969e+01
1.378720283508300781e+00
4.706507682800292969e+00
3.035775184631347656e+00
6.602754116058349609e+00
2.259447097778320312e+00
3.896498441696166992e+00
2.930327892303466797e+00
7.317056655883789062e+00
6.685965538024902344e+00
1.395069956779479980e+00
5.994161128997802734e+00
4.815162181854248047e+00
4.018155097961425781e+00
3.104576587677001953e+00
6.108548164367675781e+00
4.367961883544921875e+00
5.326305389404296875e+00
2.381257295608520508e+00
6.964329242706298828e+00
4.695050716400146484e+00
4.946382522583007812e+00
6.068871021270751953e+00
1.530260205268859863e+00
4.327791213989257812e+00
4.032533168792724609e+00
2.508512258529663086e+00
5.239498138427734375e+00
8.235766410827636719e+00
3.871621608734130859e+00
7.596983909606933594e+00
7.011101245880126953e+00
5.626739025115966797e+00
1.612761306762695312e+01
7.491862297058105469e+00
4.667690277099609375e+00
2.765118360519409180e+00
2.964808940887451172e+00
2.963376998901367188e+00
6.712875843048095703e+00
2.673183679580688477e+00
3.572468996047973633e+00
6.924180507659912109e+00
3.387571573257446289e+00
3.745594501495361328e+00
5.262921333312988281e+00
3.098293542861938477e+00
3.156126022338867188e+00
2.576345205307006836e+00
6.844937801361083984e+00
5.483547210693359375e+00
3.608891725540161133e+00
5.215461254119873047e+00
3.581668853759765625e+00
9.165392875671386719e+00
4.389321327209472656e+00
1.552459812164306641e+01
9.529965400695800781e+00
4.183311462402343750e+00
8.894386291503906250e+00
3.394449234008789062e+00
2.729147195816040039e+00
6.168349742889404297e+00
2.425952672958374023e+00
4.362289905548095703e+00
2.700914621353149414e+00
5.438719272613525391e+00
1.465855836868286133e+00
3.621704816818237305e+00
8.672992706298828125e+00
2.255528926849365234e+00
2.390103578567504883e+00
7.293230056762695312e+00
7.035317420959472656e+00
2.259999036788940430e+00
5.722194194793701172e+00
3.783634901046752930e+00
1.237416267395019531e+00
8.067996978759765625e+00
1.395898342132568359e+01
4.462934017181396484e+00
3.680229425430297852e+00
4.860555171966552734e+00
1.720369815826416016e+00
6.687520503997802734e+00
4.665467739105224609e+00
3.535181760787963867e+00
3.213189125061035156e+00
4.117033481597900391e+00
3.313642740249633789e+00
4.734631061553955078e+00
4.742477416992187500e+00
2.734771013259887695e+00
8.256459236145019531e+00
5.084965229034423828e+00
3.122283220291137695e+00
1.851553916931152344e+00
8.896535873413085938e+00
2.887753963470458984e+00
3.442772865295410156e+00
8.503979682922363281e+00
5.937223911285400391e+00
3.378444671630859375e+00
4.026203632354736328e+00
2.479387283325195312e+00
4.097717761993408203e+00
4.716891765594482422e+00
2.698515176773071289e+00
2.048436403274536133e+00
1.074443817138671875e+01
2.129859209060668945e+00
7.927737236022949219e+00
5.276576519012451172e+00
7.203217506408691406e+00
6.346318244934082031e+00
1.894169569015502930e+00
3.733309507369995117e+00
1.278294324874877930e+00
4.526473999023437500e+00
4.123526096343994141e+00
3.770404338836669922e+00
1.953115344047546387e+00
7.221803665161132812e+00
4.561864852905273438e+00
4.827965736389160156e+00
1.089026331901550293e+00
3.685918092727661133e+00
2.911893129348754883e+00
6.537580966949462891e+00
3.216140270233154297e+00
3.996743679046630859e+00
7.060469627380371094e+00
7.065300941467285156e+00
2.187128543853759766e+00
4.254017829895019531e+00
2.199836730957031250e+00
3.384520053863525391e+00
5.067982196807861328e+00
4.489066123962402344e+00
5.210259437561035156e+00
7.992221355438232422e+00
2.536912441253662109e+00
2.466249942779541016e+00
3.033293247222900391e+00
3.692749738693237305e+00
2.467742204666137695e+00
4.683420181274414062e+00
3.079533815383911133e+00
4.024893760681152344e+00
5.515690326690673828e+00
2.584607839584350586e+00
2.096204042434692383e+00
4.174520015716552734e+00
4.709136962890625000e+00
4.366416931152343750e+00
7.865595340728759766e+00
2.978903055191040039e+00
3.837766647338867188e+00
6.773209571838378906e+00
2.664636135101318359e+00
2.054615497589111328e+00
3.090701341629028320e+00
5.737297534942626953e+00
4.853955745697021484e+00
6.669556140899658203e+00
9.824077606201171875e+00
2.881206512451171875e+00
5.306838512420654297e+00
7.205603122711181641e+00
5.271041393280029297e+00
6.294647693634033203e+00
2.079659700393676758e+00
2.110510349273681641e+00
4.086386203765869141e+00
3.580990552902221680e+00
6.502391815185546875e+00
4.274469852447509766e+00
3.322145700454711914e+00
1.803653955459594727e+00
6.752804279327392578e+00
3.506305694580078125e+00
1.936732172966003418e+00
5.484792709350585938e+00
1.428991198539733887e+00
3.521373987197875977e+00
4.637754440307617188e+00
3.920176506042480469e+00
3.076763391494750977e+00
4.431815147399902344e+00
3.996419668197631836e+00
2.638581275939941406e+00
4.146309375762939453e+00
8.224576950073242188e+00
3.627019882202148438e+00
2.908571004867553711e+00
2.766794919967651367e+00
3.239939451217651367e+00
5.282700538635253906e+00
1.831338405609130859e+00
8.164153099060058594e+00
4.339999675750732422e+00
8.826877593994140625e+00
5.836800575256347656e+00
3.626103401184082031e+00
3.446275234222412109e+00
4.807634830474853516e+00
5.265320301055908203e+00
2.086347103118896484e+00
4.992304325103759766e+00
7.817625045776367188e+00
6.821326255798339844e+00
2.512528419494628906e+00
2.357254505157470703e+00
4.210519313812255859e+00
3.228470802307128906e+00
5.095794677734375000e+00
4.411486625671386719e+00
3.868080139160156250e+00
2.504316329956054688e+00
5.209194183349609375e+00
2.816562891006469727e+00
3.808151245117187500e+00
3.681648015975952148e+00
2.881845712661743164e+00
4.036321640014648438e+00
7.214504718780517578e+00
5.457294464111328125e+00
2.442271232604980469e+00
6.368240356445312500e+00
2.993104934692382812e+00
3.354022979736328125e+00
9.611554145812988281e+00
3.702256679534912109e+00
4.168239593505859375e+00
6.763060569763183594e+00
7.984065532684326172e+00
3.458414077758789062e+00
1.568062782287597656e+00
4.090129852294921875e+00
3.776437520980834961e+00
4.165555477142333984e+00
3.059231758117675781e+00
3.733647108078002930e+00
5.476220607757568359e+00
5.015265464782714844e+00
6.694277763366699219e+00
8.527237892150878906e+00
2.339784860610961914e+00
3.735855579376220703e+00
2.943750619888305664e+00
3.785337448120117188e+00
3.142914533615112305e+00
6.099369049072265625e+00
2.279863119125366211e+00
4.665279865264892578e+00
1.072211742401123047e+01
4.033414840698242188e+00
8.863530158996582031e+00
6.346726894378662109e+00
3.332368850708007812e+00
6.545333862304687500e+00
5.502990245819091797e+00
4.149522781372070312e+00
4.760670185089111328e+00
2.533967256546020508e+00
1.959464430809020996e+00
7.537957191467285156e+00
2.858594179153442383e+00
1.036516189575195312e+01
2.792848825454711914e+00
3.197998285293579102e+00
4.106779575347900391e+00
5.558135032653808594e+00
4.170673847198486328e+00
7.806334018707275391e+00
3.046490192413330078e+00
8.295049667358398438e+00
3.713032484054565430e+00
2.899338245391845703e+00
4.957475185394287109e+00
4.534029006958007812e+00
8.380989074707031250e+00
2.270674467086791992e+00
5.057518959045410156e+00
6.109205245971679688e+00
2.339337587356567383e+00
5.023270130157470703e+00
3.048287630081176758e+00
3.574057340621948242e+00
3.500558614730834961e+00
6.277801036834716797e+00
3.838584899902343750e+00
1.063838386535644531e+01
5.896241188049316406e+00
2.181214332580566406e+00
5.625289916992187500e+00
6.502146244049072266e+00
3.025950908660888672e+00
4.705404281616210938e+00
5.563765525817871094e+00
2.698812484741210938e+00
3.996043205261230469e+00
4.810560703277587891e+00
3.594724893569946289e+00
2.771528244018554688e+00
3.979248762130737305e+00
2.411327123641967773e+00
5.948855876922607422e+00
2.465508937835693359e+00
4.673578262329101562e+00
1.654792308807373047e+00
3.805312395095825195e+00
5.446802139282226562e+00
5.387447357177734375e+00
3.274005174636840820e+00
1.867095947265625000e+00
5.660298347473144531e+00
6.357802391052246094e+00
4.019743442535400391e+00
5.922219753265380859e+00
4.153064250946044922e+00
5.754149913787841797e+00
2.850398302078247070e+00
3.203551292419433594e+00
4.219365596771240234e+00
5.158288478851318359e+00
3.928319454193115234e+00
1.968817353248596191e+00
4.454967975616455078e+00
1.373370528221130371e+00
5.861001968383789062e+00
4.675205230712890625e+00
4.995407581329345703e+00
3.897143602371215820e+00
