9.983249902725219727e-01
9.870247244834899902e-01
9.989771246910095215e-01
1.008916020393371582e+00
9.912201762199401855e-01
1.004992604255676270e+00
1.002714157104492188e+00
9.980233311653137207e-01
9.998267889022827148e-01
9.920061230659484863e-01
1.008684754371643066e+00
1.025773525238037109e+00
9.857971072196960449e-01
1.003414154052734375e+00
9.827605485916137695e-01
1.003492951393127441e+00
9.877660870552062988e-01
1.002986311912536621e+00
9.989687204360961914e-01
9.878664612770080566e-01
9.783276319503784180e-01
1.000789761543273926e+00
9.885991811752319336e-01
1.004093408584594727e+00
1.008586645126342773e+00
9.936249256134033203e-01
9.920597672462463379e-01
1.015424609184265137e+00
9.995839595794677734e-01
1.002118706703186035e+00
1.000863432884216309e+00
1.005189299583435059e+00
9.979798793792724609e-01
1.009328126907348633e+00
9.923552870750427246e-01
9.877908825874328613e-01
9.883136749267578125e-01
9.873502254486083984e-01
9.897772073745727539e-01
1.003992676734924316e+00
9.880834817886352539e-01
1.000828862190246582e+00
1.017804861068725586e+00
9.981146454811096191e-01
1.048706889152526855e+00
9.890166521072387695e-01
1.000035166740417480e+00
9.994171261787414551e-01
9.899490475654602051e-01
9.808893799781799316e-01
1.003774881362915039e+00
1.012121677398681641e+00
9.914160370826721191e-01
9.877699017524719238e-01
9.940115809440612793e-01
9.908446073532104492e-01
9.975101351737976074e-01
1.006223320960998535e+00
9.939112067222595215e-01
9.877135157585144043e-01
9.912829399108886719e-01
9.876780509948730469e-01
9.949014186859130859e-01
9.923916459083557129e-01
1.004040002822875977e+00
9.905143976211547852e-01
1.009177207946777344e+00
9.887734055519104004e-01
1.009113430976867676e+00
9.960062503814697266e-01
9.897775650024414062e-01
9.809018373489379883e-01
9.943044185638427734e-01
9.811657667160034180e-01
9.937528371810913086e-01
9.984221458435058594e-01
1.017397642135620117e+00
9.884536862373352051e-01
1.005582451820373535e+00
1.012932777404785156e+00
1.006080150604248047e+00
9.901163578033447266e-01
9.867880344390869141e-01
9.866095781326293945e-01
9.933491349220275879e-01
1.001993775367736816e+00
1.007023215293884277e+00
1.004238843917846680e+00
9.958393573760986328e-01
9.891104102134704590e-01
1.004313230514526367e+00
9.985305070877075195e-01
9.812538623809814453e-01
1.013198852539062500e+00
1.005752563476562500e+00
1.014435648918151855e+00
1.024101018905639648e+00
9.919164776802062988e-01
1.004020690917968750e+00
1.008666515350341797e+00
1.001258134841918945e+00
9.978850483894348145e-01
9.859184622764587402e-01
1.014946937561035156e+00
1.002734303474426270e+00
9.956576824188232422e-01
1.022345304489135742e+00
1.001262664794921875e+00
9.902968406677246094e-01
9.937998652458190918e-01
9.869167208671569824e-01
1.018009901046752930e+00
1.009653329849243164e+00
1.039038181304931641e+00
9.898061752319335938e-01
9.972113370895385742e-01
9.815704822540283203e-01
9.984973073005676270e-01
1.003564715385437012e+00
1.015659570693969727e+00
1.006273388862609863e+00
1.021484851837158203e+00
9.983788728713989258e-01
9.924952983856201172e-01
9.890235066413879395e-01
9.965267777442932129e-01
9.844033122062683105e-01
1.010421276092529297e+00
1.008434772491455078e+00
1.014096021652221680e+00
9.992019534111022949e-01
9.850320816040039062e-01
9.877089262008666992e-01
9.966143369674682617e-01
1.022284507751464844e+00
9.993997812271118164e-01
9.923756122589111328e-01
1.029480099678039551e+00
1.005567073822021484e+00
1.017674684524536133e+00
9.923987388610839844e-01
9.916347265243530273e-01
1.015160560607910156e+00
9.881849288940429688e-01
1.020373344421386719e+00
1.000023603439331055e+00
1.000235199928283691e+00
1.018854379653930664e+00
1.010395646095275879e+00
9.940584301948547363e-01
9.984755516052246094e-01
9.912307262420654297e-01
9.955765008926391602e-01
9.795289635658264160e-01
9.978884458541870117e-01
1.005683064460754395e+00
1.000372648239135742e+00
9.862617254257202148e-01
1.000212430953979492e+00
9.875931739807128906e-01
9.932734370231628418e-01
1.009314179420471191e+00
9.963844418525695801e-01
9.997153878211975098e-01
1.013313889503479004e+00
9.971699118614196777e-01
1.000045061111450195e+00
9.863539934158325195e-01
9.988698959350585938e-01
9.905734658241271973e-01
1.000448942184448242e+00
1.010528087615966797e+00
9.991948008537292480e-01
1.017750740051269531e+00
1.003345370292663574e+00
1.013624548912048340e+00
9.982853531837463379e-01
9.899533390998840332e-01
9.923983216285705566e-01
1.017573475837707520e+00
9.919843077659606934e-01
9.960663318634033203e-01
1.001537799835205078e+00
9.955603480339050293e-01
9.851340055465698242e-01
1.012292981147766113e+00
9.920944571495056152e-01
1.005948901176452637e+00
1.025859475135803223e+00
1.002897977828979492e+00
9.863607883453369141e-01
1.012723207473754883e+00
9.861972928047180176e-01
9.865536689758300781e-01
1.012186646461486816e+00
9.822295308113098145e-01
1.003478884696960449e+00
9.997420310974121094e-01
9.950599670410156250e-01
9.986674785614013672e-01
9.947686195373535156e-01
9.877591729164123535e-01
1.002708435058593750e+00
9.923222064971923828e-01
9.953326582908630371e-01
9.924774169921875000e-01
9.955357313156127930e-01
9.952127933502197266e-01
1.006393790245056152e+00
1.012092351913452148e+00
9.847676753997802734e-01
9.989771842956542969e-01
9.867433309555053711e-01
1.019694566726684570e+00
1.005424261093139648e+00
1.011085152626037598e+00
9.823952317237854004e-01
1.006249785423278809e+00
9.911251664161682129e-01
1.007086753845214844e+00
1.012720227241516113e+00
1.030206322669982910e+00
9.871016740798950195e-01
9.949981570243835449e-01
1.019789814949035645e+00
9.986366629600524902e-01
9.884037971496582031e-01
1.011843562126159668e+00
9.858568310737609863e-01
9.940122961997985840e-01
1.015253782272338867e+00
1.021958589553833008e+00
9.970757365226745605e-01
1.008210301399230957e+00
9.955422282218933105e-01
9.915692210197448730e-01
9.993937015533447266e-01
1.012337684631347656e+00
9.994497895240783691e-01
1.007811546325683594e+00
1.009028911590576172e+00
1.046166181564331055e+00
9.965433478355407715e-01
1.000043749809265137e+00
9.841568470001220703e-01
9.881913661956787109e-01
9.947115182876586914e-01
9.917732477188110352e-01
1.003803730010986328e+00
1.015178084373474121e+00
1.002951264381408691e+00
9.959927201271057129e-01
1.009192109107971191e+00
1.009940147399902344e+00
1.013659358024597168e+00
1.017830252647399902e+00
1.008500099182128906e+00
9.981213808059692383e-01
1.015385270118713379e+00
9.843205213546752930e-01
9.858835935592651367e-01
9.892183542251586914e-01
1.003699064254760742e+00
1.004116892814636230e+00
9.763510227203369141e-01
1.005966544151306152e+00
9.895637631416320801e-01
9.946371316909790039e-01
1.001524806022644043e+00
9.829208850860595703e-01
1.005460977554321289e+00
9.823619127273559570e-01
1.011685967445373535e+00
1.022029519081115723e+00
9.834703803062438965e-01
9.840357899665832520e-01
1.000076770782470703e+00
1.017286300659179688e+00
1.033828496932983398e+00
9.906190633773803711e-01
9.964463114738464355e-01
9.864936470985412598e-01
9.915635585784912109e-01
1.030270814895629883e+00
9.881817698478698730e-01
9.979758858680725098e-01
1.005183219909667969e+00
9.888234734535217285e-01
9.941199421882629395e-01
9.918006658554077148e-01
9.909290075302124023e-01
1.008536815643310547e+00
1.014139771461486816e+00
9.993442296981811523e-01
9.847720861434936523e-01
9.949411153793334961e-01
9.999015927314758301e-01
1.003611803054809570e+00
9.844263792037963867e-01
9.914665222167968750e-01
1.003000736236572266e+00
9.931863546371459961e-01
9.929316639900207520e-01
9.896153807640075684e-01
9.918017983436584473e-01
9.896138906478881836e-01
1.006352782249450684e+00
9.972220063209533691e-01
1.005516052246093750e+00
9.877272844314575195e-01
9.853254556655883789e-01
9.983623027801513672e-01
9.861140251159667969e-01
9.919102191925048828e-01
9.989333152770996094e-01
1.013108611106872559e+00
9.859161376953125000e-01
9.866527915000915527e-01
1.002097368240356445e+00
1.005586743354797363e+00
9.821097254753112793e-01
9.911996126174926758e-01
1.012902975082397461e+00
1.029691338539123535e+00
1.003461599349975586e+00
1.006006956100463867e+00
9.973477721214294434e-01
1.024113059043884277e+00
1.007093429565429688e+00
1.007401466369628906e+00
1.014111638069152832e+00
1.001285433769226074e+00
1.006767153739929199e+00
1.004666805267333984e+00
9.910793900489807129e-01
9.829880595207214355e-01
9.852678775787353516e-01
9.845331311225891113e-01
1.003793120384216309e+00
1.002397775650024414e+00
1.012527465820312500e+00
1.002895832061767578e+00
1.011101603507995605e+00
9.887893199920654297e-01
9.944953918457031250e-01
1.000956296920776367e+00
1.011786103248596191e+00
9.997308254241943359e-01
1.024391174316406250e+00
9.942005872726440430e-01
1.004880428314208984e+00
9.803917407989501953e-01
1.010099291801452637e+00
1.007210731506347656e+00
9.979807138442993164e-01
9.884267449378967285e-01
9.992353320121765137e-01
9.850136637687683105e-01
1.018828272819519043e+00
1.010230660438537598e+00
9.841597676277160645e-01
1.020008444786071777e+00
9.857644438743591309e-01
9.868278503417968750e-01
1.023700237274169922e+00
9.802522659301757812e-01
9.956336021423339844e-01
9.974666833877563477e-01
9.946407079696655273e-01
1.000892400741577148e+00
9.945217370986938477e-01
1.008572220802307129e+00
9.951103925704956055e-01
9.841594099998474121e-01
1.008692264556884766e+00
9.956807494163513184e-01
1.017837405204772949e+00
1.004201292991638184e+00
9.987878203392028809e-01
1.017731547355651855e+00
1.003671288490295410e+00
9.940743446350097656e-01
9.839394092559814453e-01
1.006598234176635742e+00
9.951269626617431641e-01
1.014952540397644043e+00
1.010362625122070312e+00
9.909185767173767090e-01
1.011215209960937500e+00
9.863128662109375000e-01
9.992019534111022949e-01
1.001547932624816895e+00
9.956113100051879883e-01
1.006406426429748535e+00
9.934028387069702148e-01
1.003119230270385742e+00
9.968374371528625488e-01
9.893799424171447754e-01
9.847130179405212402e-01
9.880818128585815430e-01
9.986649751663208008e-01
9.979505538940429688e-01
9.849402308464050293e-01
9.966326951980590820e-01
1.009131193161010742e+00
9.903783798217773438e-01
9.945919513702392578e-01
9.912237524986267090e-01
9.888586997985839844e-01
9.793764352798461914e-01
9.965720176696777344e-01
9.863085746765136719e-01
9.845497608184814453e-01
1.007255077362060547e+00
9.886044859886169434e-01
1.002949595451354980e+00
9.853119254112243652e-01
9.885421395301818848e-01
9.939352869987487793e-01
1.016495108604431152e+00
1.002279996871948242e+00
9.843128323554992676e-01
1.008436203002929688e+00
1.002902865409851074e+00
1.017588853836059570e+00
1.008964061737060547e+00
9.922270178794860840e-01
9.863657355308532715e-01
9.972862005233764648e-01
1.012780666351318359e+00
1.009682774543762207e+00
9.917554855346679688e-01
9.930568933486938477e-01
1.015425801277160645e+00
1.062554478645324707e+00
9.895068407058715820e-01
1.013244390487670898e+00
1.013431310653686523e+00
1.004753589630126953e+00
1.005166649818420410e+00
9.984742403030395508e-01
1.006597638130187988e+00
9.941835999488830566e-01
9.865101575851440430e-01
1.014324069023132324e+00
9.870792627334594727e-01
1.024876236915588379e+00
1.009245157241821289e+00
9.932236075401306152e-01
1.005983829498291016e+00
9.979580044746398926e-01
9.925073981285095215e-01
9.849926829338073730e-01
9.923095703125000000e-01
9.952057003974914551e-01
9.961688518524169922e-01
9.895698428153991699e-01
1.006403565406799316e+00
1.000904202461242676e+00
9.841771125793457031e-01
9.983134865760803223e-01
9.896203279495239258e-01
9.847460389137268066e-01
9.919714927673339844e-01
1.001924514770507812e+00
9.973266720771789551e-01
1.002008557319641113e+00
1.009855508804321289e+00
1.008137464523315430e+00
1.013182997703552246e+00
9.961990118026733398e-01
1.009591102600097656e+00
9.892927408218383789e-01
9.885334372520446777e-01
1.006993651390075684e+00
9.982079267501831055e-01
1.006765604019165039e+00
1.008173227310180664e+00
1.000653266906738281e+00
9.972118139266967773e-01
1.012274265289306641e+00
9.953305125236511230e-01
1.024478554725646973e+00
1.002327203750610352e+00
1.021196246147155762e+00
1.039731383323669434e+00
1.003385901451110840e+00
9.992621541023254395e-01
1.008760571479797363e+00
1.005468368530273438e+00
1.000365614891052246e+00
9.868872165679931641e-01
1.008418202400207520e+00
9.962460398674011230e-01
9.876121878623962402e-01
1.007438898086547852e+00
1.014837980270385742e+00
1.006223320960998535e+00
9.997144341468811035e-01
1.001054525375366211e+00
9.948817491531372070e-01
9.812450408935546875e-01
1.002618074417114258e+00
1.000531196594238281e+00
1.035748124122619629e+00
9.940962195396423340e-01
9.960572719573974609e-01
9.913619756698608398e-01
1.002901792526245117e+00
1.008924007415771484e+00
1.001337647438049316e+00
1.020790696144104004e+00
