2.413674354553222656e+00
2.297769784927368164e+00
3.471195936203002930e+00
2.065936326980590820e+00
3.566745042800903320e+00
1.373164892196655273e+00
5.296245574951171875e+00
3.561367750167846680e+00
6.942337512969970703e+00
2.016445159912109375e+00
5.301651477813720703e+00
3.476635456085205078e+00
3.536923408508300781e+00
2.166698455810546875e+00
2.334606170654296875e+00
4.099073886871337891e+00
4.015816211700439453e+00
4.530303478240966797e+00
2.488079786300659180e+00
2.587829113006591797e+00
5.041041374206542969e+00
1.547295451164245605e+00
4.677984237670898438e+00
6.464169502258300781e+00
2.788635492324829102e+00
2.267323732376098633e+00
2.894610166549682617e+00
3.683060884475708008e+00
4.399319648742675781e+00
3.677929639816284180e+00
2.189511060714721680e+00
3.629214525222778320e+00
2.931723356246948242e+00
2.889724493026733398e+00
1.473098278045654297e+00
2.896400690078735352e+00
2.420984029769897461e+00
3.528777837753295898e+00
3.458031892776489258e+00
3.409598827362060547e+00
2.565585851669311523e+00
2.102687358856201172e+00
3.948024988174438477e+00
5.642747879028320312e+00
3.037133216857910156e+00
2.707790136337280273e+00
1.707625150680541992e+00
2.327367067337036133e+00
5.096497535705566406e+00
2.436604499816894531e+00
2.344858884811401367e+00
2.873587131500244141e+00
4.115887165069580078e+00
3.365790367126464844e+00
3.342392921447753906e+00
3.468898296356201172e+00
2.550377368927001953e+00
2.382836103439331055e+00
4.302361488342285156e+00
4.002911567687988281e+00
3.060398340225219727e+00
2.636903285980224609e+00
3.164261341094970703e+00
2.041422843933105469e+00
3.062377929687500000e+00
2.144586563110351562e+00
2.629121780395507812e+00
2.817367315292358398e+00
3.788990497589111328e+00
2.359045028686523438e+00
8.896830558776855469e+00
2.700141429901123047e+00
3.546564817428588867e+00
1.832923889160156250e+00
3.069666147232055664e+00
2.853286027908325195e+00
2.820931911468505859e+00
2.723349094390869141e+00
3.010790109634399414e+00
4.119187355041503906e+00
2.323574304580688477e+00
2.163705587387084961e+00
1.794273495674133301e+00
1.470108985900878906e+00
1.588885784149169922e+00
2.751786470413208008e+00
2.283689498901367188e+00
3.828700304031372070e+00
3.147707939147949219e+00
2.385719060897827148e+00
6.478923797607421875e+00
1.943701624870300293e+00
4.138202190399169922e+00
3.178368806838989258e+00
2.440139293670654297e+00
3.173135519027709961e+00
3.458769559860229492e+00
1.641391515731811523e+00
2.572654008865356445e+00
3.305754184722900391e+00
1.807119846343994141e+00
2.868916273117065430e+00
3.671425104141235352e+00
5.654707908630371094e+00
2.423888921737670898e+00
4.730641841888427734e+00
4.213800907135009766e+00
2.509352684020996094e+00
3.747522354125976562e+00
3.182293891906738281e+00
2.437114000320434570e+00
3.015645980834960938e+00
2.188550233840942383e+00
4.107289791107177734e+00
2.525058269500732422e+00
2.791224479675292969e+00
1.720747590065002441e+00
2.144678592681884766e+00
3.530414104461669922e+00
1.995365262031555176e+00
2.125518083572387695e+00
2.955374956130981445e+00
3.768316268920898438e+00
1.852626919746398926e+00
3.088106632232666016e+00
1.901301741600036621e+00
3.012434482574462891e+00
2.259110689163208008e+00
2.753852844238281250e+00
2.720200538635253906e+00
8.632954597473144531e+00
3.304131984710693359e+00
2.381886959075927734e+00
3.486068964004516602e+00
2.319511413574218750e+00
2.768493652343750000e+00
3.820649385452270508e+00
4.894996643066406250e+00
2.595283269882202148e+00
3.432424306869506836e+00
2.553847789764404297e+00
2.175623655319213867e+00
3.691693067550659180e+00
5.864402294158935547e+00
3.194650411605834961e+00
4.126897811889648438e+00
2.727528333663940430e+00
3.263460397720336914e+00
2.157454729080200195e+00
3.312004804611206055e+00
3.512097358703613281e+00
3.641266345977783203e+00
2.809837341308593750e+00
2.784182786941528320e+00
1.280362606048583984e+00
3.218846321105957031e+00
3.270665645599365234e+00
1.762842059135437012e+00
2.912437200546264648e+00
1.726450443267822266e+00
2.574279069900512695e+00
2.073648691177368164e+00
2.672868967056274414e+00
2.285024404525756836e+00
3.382866621017456055e+00
3.923847913742065430e+00
2.606050491333007812e+00
2.784781455993652344e+00
5.854610443115234375e+00
5.137129783630371094e+00
1.367650270462036133e+00
1.573468327522277832e+00
3.747702121734619141e+00
4.019793510437011719e+00
4.414000034332275391e+00
2.594474315643310547e+00
2.635485887527465820e+00
2.761506080627441406e+00
3.384825706481933594e+00
3.491019248962402344e+00
3.486082553863525391e+00
3.315155267715454102e+00
4.081928253173828125e+00
3.989537239074707031e+00
2.419471740722656250e+00
2.863919496536254883e+00
2.600382328033447266e+00
1.601255059242248535e+00
2.988561153411865234e+00
4.062540531158447266e+00
4.421683311462402344e+00
2.666162729263305664e+00
2.624252080917358398e+00
3.011632680892944336e+00
3.059267282485961914e+00
5.727048397064208984e+00
3.572068214416503906e+00
2.514376163482666016e+00
2.959041833877563477e+00
2.485651969909667969e+00
2.067409038543701172e+00
2.999806404113769531e+00
3.861149787902832031e+00
6.299268722534179688e+00
3.335881471633911133e+00
2.591368913650512695e+00
2.144898653030395508e+00
5.337388992309570312e+00
1.801145672798156738e+00
1.387694120407104492e+00
3.269295930862426758e+00
2.500516414642333984e+00
2.241202354431152344e+00
2.764657258987426758e+00
2.105842351913452148e+00
2.621722459793090820e+00
2.651064872741699219e+00
4.540500640869140625e+00
1.934790253639221191e+00
2.701992750167846680e+00
2.395972967147827148e+00
3.163894653320312500e+00
1.911791324615478516e+00
3.983743429183959961e+00
2.527239561080932617e+00
2.804841279983520508e+00
4.413751602172851562e+00
3.734394073486328125e+00
2.459539413452148438e+00
3.680555582046508789e+00
4.931690216064453125e+00
3.273813724517822266e+00
3.081412792205810547e+00
2.917581796646118164e+00
1.575366735458374023e+00
2.590017557144165039e+00
2.959135055541992188e+00
1.917143702507019043e+00
2.055363893508911133e+00
3.209426641464233398e+00
6.168778419494628906e+00
4.458215236663818359e+00
3.040134668350219727e+00
2.743614673614501953e+00
3.361682415008544922e+00
2.804134130477905273e+00
2.026658058166503906e+00
2.928485393524169922e+00
2.958059310913085938e+00
3.035678625106811523e+00
2.907315969467163086e+00
2.732896327972412109e+00
2.321211814880371094e+00
3.117608070373535156e+00
2.793404817581176758e+00
4.216317176818847656e+00
