-4.322521090507507324e-01
1.716410219669342041e-01
1.202129602432250977e+00
-2.913853824138641357e-01
-6.170749068260192871e-01
-2.571118474006652832e-01
-5.574152246117591858e-02
-1.223407536745071411e-01
-1.017581462860107422e+00
-6.651083827018737793e-01
-9.877724647521972656e-01
7.211269736289978027e-01
4.835345149040222168e-01
3.531210720539093018e-01
1.759255826473236084e-01
-7.514278292655944824e-01
1.457961440086364746e+00
-9.957235455513000488e-01
-4.104245007038116455e-01
-2.428690642118453979e-01
3.602313101291656494e-01
2.699510157108306885e-01
-9.130320549011230469e-01
-6.286908388137817383e-01
7.249368727207183838e-02
9.489492177963256836e-01
-3.612192869186401367e-01
-4.433189928531646729e-01
-9.788763709366321564e-04
-7.492148876190185547e-01
-8.723220787942409515e-03
1.007228016853332520e+00
3.776454031467437744e-01
-9.081138968467712402e-01
2.627073526382446289e-01
-1.129504203796386719e+00
-2.915551662445068359e-01
-5.196742415428161621e-01
-7.050009965896606445e-01
2.047346830368041992e-01
2.455302178859710693e-01
4.129879474639892578e-01
1.919420622289180756e-02
1.639613389968872070e+00
-3.839121162891387939e-01
-1.509786993265151978e-01
-1.275144219398498535e-01
-6.753849238157272339e-02
-2.408266216516494751e-01
9.451623558998107910e-01
-2.425038516521453857e-01
3.738127648830413818e-01
2.413418591022491455e-01
-3.388605713844299316e-01
-5.785605311393737793e-01
-1.888409703969955444e-01
-7.821817398071289062e-01
-1.303105950355529785e-01
-1.338688731193542480e-01
1.952339559793472290e-01
-6.433576345443725586e-01
5.045675635337829590e-01
-4.269486963748931885e-01
8.702905848622322083e-03
4.952488541603088379e-01
7.191450595855712891e-01
-6.745319366455078125e-01
-7.160504907369613647e-02
-5.820428729057312012e-01
9.274618029594421387e-01
-1.131744503974914551e+00
6.281542778015136719e-02
4.407740011811256409e-02
3.032869696617126465e-01
2.229776829481124878e-01
-5.335615873336791992e-01
-5.933951586484909058e-02
-2.552520334720611572e-01
1.421574711799621582e+00
1.015693545341491699e+00
2.321580648422241211e-01
5.755988955497741699e-01
-2.287057936191558838e-01
2.068483680486679077e-01
4.177969098091125488e-01
-6.580866128206253052e-02
-4.226502776145935059e-01
-3.829879760742187500e-01
-9.703272581100463867e-01
4.091878831386566162e-01
-9.346756339073181152e-01
-2.079570889472961426e-01
-5.174876451492309570e-01
-3.288615643978118896e-01
1.373101830482482910e+00
-6.113913655281066895e-01
3.056797385215759277e-01
2.482044100761413574e-01
7.737754583358764648e-01
1.584380865097045898e-01
2.641100287437438965e-01
-2.759748697280883789e-01
-1.416173279285430908e-01
-7.552338838577270508e-01
-2.933174669742584229e-01
-4.144698977470397949e-01
-5.399439334869384766e-01
-7.215070724487304688e-01
1.478286504745483398e+00
-8.086202144622802734e-01
-1.289141178131103516e-01
-1.715754568576812744e-01
-9.102503657341003418e-01
1.113017201423645020e+00
1.069270849227905273e+00
3.810640871524810791e-01
-7.405655384063720703e-01
-1.329489052295684814e-01
-4.608061909675598145e-01
5.059071779251098633e-01
-1.096459925174713135e-01
-6.107035875320434570e-01
-1.148809790611267090e-01
-1.277175173163414001e-02
1.191369414329528809e+00
1.117597669363021851e-01
-6.735824942588806152e-01
-9.604172110557556152e-01
-7.398615479469299316e-01
-4.918121099472045898e-01
-8.595390319824218750e-01
-5.140930414199829102e-01
2.022386938333511353e-01
-4.441639780998229980e-01
-5.060159564018249512e-01
-4.228741526603698730e-01
-4.705648124217987061e-01
8.440889716148376465e-01
7.353001236915588379e-01
6.006815433502197266e-01
4.639262259006500244e-01
6.015391945838928223e-01
-7.202227115631103516e-01
-6.749536991119384766e-01
5.967957973480224609e-01
-4.034986197948455811e-01
6.918570399284362793e-01
1.309525609016418457e+00
-2.986384034156799316e-01
9.154790639877319336e-01
-6.554178595542907715e-01
4.107875227928161621e-01
5.940456986427307129e-01
-1.285985231399536133e+00
-2.859831452369689941e-01
-2.688537240028381348e-01
-8.839110136032104492e-01
-4.513274133205413818e-01
-6.545043587684631348e-01
-6.037572622299194336e-01
-5.231276154518127441e-01
1.240677684545516968e-01
-1.894522607326507568e-01
-4.454331472516059875e-02
-2.519230842590332031e-01
1.053283065557479858e-01
-2.957602739334106445e-01
7.578596472740173340e-02
-3.712566196918487549e-01
-8.067778348922729492e-01
-3.030903637409210205e-01
-3.247216045856475830e-01
1.023648306727409363e-01
-1.181828901171684265e-01
-6.771931052207946777e-01
-5.261721014976501465e-01
5.319692492485046387e-01
-2.852466106414794922e-01
7.093143463134765625e-01
-8.438459634780883789e-01
-9.031813144683837891e-01
-4.837188124656677246e-01
-4.783073067665100098e-01
-8.663141131401062012e-01
-3.887344896793365479e-01
-2.017979472875595093e-01
4.890705347061157227e-01
-7.085003256797790527e-01
7.005220651626586914e-02
-4.123736917972564697e-01
5.177792310714721680e-01
6.973323225975036621e-02
4.108779430389404297e-01
9.544419050216674805e-01
-1.744129210710525513e-01
-1.378499984741210938e+00
2.090363204479217529e-01
-2.799154222011566162e-01
-6.007083654403686523e-01
5.907394923269748688e-03
9.851489663124084473e-01
-5.406287908554077148e-01
1.255966901779174805e+00
4.807490706443786621e-01
7.775316834449768066e-01
1.024196863174438477e+00
-7.380902767181396484e-01
-8.018250465393066406e-01
7.983417809009552002e-02
1.803080290555953979e-01
4.866956770420074463e-01
1.254938125610351562e+00
5.074424743652343750e-01
5.451765656471252441e-01
6.579123139381408691e-01
-1.880954951047897339e-01
3.952085375785827637e-01
-1.997610032558441162e-01
-2.214075028896331787e-01
-1.397973597049713135e-01
-1.157553959637880325e-02
-5.660434961318969727e-01
-1.982220560312271118e-01
-9.713051468133926392e-02
3.115867078304290771e-01
-1.607967913150787354e-01
-1.056909561157226562e-02
1.052255034446716309e+00
-7.186979055404663086e-01
6.924107074737548828e-01
2.603042125701904297e-01
-3.157768845558166504e-01
3.231285214424133301e-01
-6.724785566329956055e-01
-2.505400180816650391e-01
6.980568766593933105e-01
1.461609840393066406e+00
-2.611282765865325928e-01
-4.267399609088897705e-01
-2.895624935626983643e-01
1.823436379432678223e+00
-1.043984070420265198e-01
-2.286879867315292358e-01
-8.960274457931518555e-01
1.353688120841979980e+00
-2.682763934135437012e-01
-9.137789905071258545e-02
-4.761935174465179443e-01
7.444723844528198242e-01
8.621162772178649902e-01
2.990963757038116455e-01
2.108096778392791748e-01
-6.021552681922912598e-01
2.207146137952804565e-01
3.572635948657989502e-01
9.080284088850021362e-02
