9.572803378105163574e-01
9.360849261283874512e-01
9.309223890304565430e-01
9.570072889328002930e-01
9.703580737113952637e-01
9.678387045860290527e-01
9.814656376838684082e-01
9.796169996261596680e-01
9.870445728302001953e-01
9.518482685089111328e-01
9.490120410919189453e-01
9.651923775672912598e-01
9.557527303695678711e-01
9.749531149864196777e-01
9.588541984558105469e-01
9.419074654579162598e-01
9.935063123703002930e-01
9.504329562187194824e-01
9.595577716827392578e-01
9.771359562873840332e-01
9.415634870529174805e-01
9.779800772666931152e-01
9.654254317283630371e-01
9.616360068321228027e-01
9.607350230216979980e-01
9.628509879112243652e-01
9.638013839721679688e-01
9.550238251686096191e-01
9.655752778053283691e-01
9.780240058898925781e-01
9.682453870773315430e-01
9.488312602043151855e-01
9.753098487854003906e-01
9.827817678451538086e-01
9.699746370315551758e-01
9.205403923988342285e-01
9.749454259872436523e-01
9.798946976661682129e-01
9.611572623252868652e-01
9.699724316596984863e-01
9.144675731658935547e-01
9.783177971839904785e-01
9.578174352645874023e-01
9.668086767196655273e-01
9.491389393806457520e-01
9.502562284469604492e-01
9.816387295722961426e-01
9.715803861618041992e-01
9.666292071342468262e-01
9.575763940811157227e-01
9.575148224830627441e-01
9.634540081024169922e-01
9.679111242294311523e-01
9.755910038948059082e-01
9.627059102058410645e-01
9.755524396896362305e-01
9.752182364463806152e-01
9.625977873802185059e-01
9.667414426803588867e-01
9.661783576011657715e-01
9.711794257164001465e-01
9.816551804542541504e-01
9.696367979049682617e-01
9.753732681274414062e-01
9.691998958587646484e-01
9.798828363418579102e-01
9.253748655319213867e-01
9.692911505699157715e-01
9.649992585182189941e-01
9.788042902946472168e-01
9.696696400642395020e-01
9.455981850624084473e-01
9.824852943420410156e-01
9.913113117218017578e-01
9.265457391738891602e-01
9.818415641784667969e-01
9.807150363922119141e-01
9.337970614433288574e-01
9.320862889289855957e-01
9.859779477119445801e-01
9.477995634078979492e-01
9.152724146842956543e-01
9.565435051918029785e-01
9.717863798141479492e-01
9.763047695159912109e-01
9.570918083190917969e-01
9.632719159126281738e-01
1.004791617393493652e+00
9.779601693153381348e-01
9.690440297126770020e-01
9.525603652000427246e-01
9.606250524520874023e-01
9.624764323234558105e-01
9.572478532791137695e-01
9.467599987983703613e-01
9.721556901931762695e-01
9.376762509346008301e-01
9.760747551918029785e-01
9.648979306221008301e-01
9.677334427833557129e-01
9.532743692398071289e-01
9.321685433387756348e-01
9.798418283462524414e-01
9.818523526191711426e-01
9.713033437728881836e-01
9.495532512664794922e-01
9.719987511634826660e-01
9.606621861457824707e-01
9.591783285140991211e-01
9.606274962425231934e-01
9.928983449935913086e-01
9.720968604087829590e-01
9.667152166366577148e-01
9.243875741958618164e-01
9.472034573554992676e-01
9.623794555664062500e-01
9.586689472198486328e-01
9.746286869049072266e-01
9.626870155334472656e-01
9.521800875663757324e-01
9.680920243263244629e-01
9.839640259742736816e-01
9.509844779968261719e-01
9.775571823120117188e-01
9.548360109329223633e-01
9.442978501319885254e-01
9.368733167648315430e-01
9.348994493484497070e-01
9.543288946151733398e-01
9.579694271087646484e-01
9.796757698059082031e-01
9.445917010307312012e-01
9.521431922912597656e-01
9.744577407836914062e-01
9.551240801811218262e-01
9.523159861564636230e-01
9.583850502967834473e-01
9.726466536521911621e-01
9.719838500022888184e-01
9.634386301040649414e-01
9.786545038223266602e-01
9.600196480751037598e-01
9.646638035774230957e-01
9.641889333724975586e-01
9.589363336563110352e-01
9.719328284263610840e-01
9.320374131202697754e-01
9.935390949249267578e-01
9.430507421493530273e-01
9.841628074645996094e-01
9.588501453399658203e-01
9.567247629165649414e-01
9.621763825416564941e-01
9.658215045928955078e-01
9.456387758255004883e-01
9.590631723403930664e-01
9.730364680290222168e-01
9.295504093170166016e-01
9.544830918312072754e-01
9.547414183616638184e-01
9.779105782508850098e-01
9.803171753883361816e-01
9.640947580337524414e-01
9.485369920730590820e-01
9.864186048507690430e-01
9.357021450996398926e-01
9.248404502868652344e-01
9.562202095985412598e-01
9.593957066535949707e-01
9.800056815147399902e-01
9.450110793113708496e-01
9.554339647293090820e-01
9.606830477714538574e-01
9.660772085189819336e-01
9.724289178848266602e-01
9.716637730598449707e-01
9.372435212135314941e-01
9.727392196655273438e-01
9.520421624183654785e-01
9.407716989517211914e-01
9.910831451416015625e-01
9.855404496192932129e-01
9.393550157546997070e-01
9.454090595245361328e-01
9.377118945121765137e-01
9.762810468673706055e-01
9.555535316467285156e-01
9.755362868309020996e-01
9.421997666358947754e-01
9.578930139541625977e-01
9.818338751792907715e-01
9.853618144989013672e-01
9.476916193962097168e-01
9.601811170578002930e-01
9.612889885902404785e-01
9.614915251731872559e-01
9.842638373374938965e-01
9.671337604522705078e-01
9.589241743087768555e-01
9.783601164817810059e-01
9.714798331260681152e-01
9.598969221115112305e-01
9.558282494544982910e-01
9.544045925140380859e-01
9.730858206748962402e-01
9.408004283905029297e-01
9.157643914222717285e-01
9.715193510055541992e-01
9.605145454406738281e-01
9.615154862403869629e-01
9.324343204498291016e-01
9.532355666160583496e-01
9.723643660545349121e-01
9.296103715896606445e-01
9.609860181808471680e-01
9.605588316917419434e-01
9.595317244529724121e-01
9.496757388114929199e-01
9.778782129287719727e-01
9.487496018409729004e-01
9.434518218040466309e-01
9.689277410507202148e-01
9.817651510238647461e-01
9.576074481010437012e-01
9.455847144126892090e-01
9.445825815200805664e-01
9.868623614311218262e-01
9.488959908485412598e-01
9.311764836311340332e-01
9.714957475662231445e-01
9.593034386634826660e-01
9.447384476661682129e-01
9.678174853324890137e-01
9.298720359802246094e-01
9.490405321121215820e-01
9.694501161575317383e-01
9.160102605819702148e-01
9.236198067665100098e-01
9.595155119895935059e-01
9.638287425041198730e-01
9.323158264160156250e-01
9.872154593467712402e-01
9.587334990501403809e-01
9.628547430038452148e-01
9.190219640731811523e-01
9.894953966140747070e-01
9.494201540946960449e-01
9.500460624694824219e-01
9.102023839950561523e-01
9.574316143989562988e-01
9.860036373138427734e-01
9.862118959426879883e-01
9.654804468154907227e-01
9.519636034965515137e-01
9.730160236358642578e-01
9.804829955101013184e-01
