-6.377688050270080566e-02
-3.703629225492477417e-02
-3.408091515302658081e-02
-4.222387820482254028e-02
-2.332560345530509949e-02
-5.859338119626045227e-02
-3.932829201221466064e-02
-2.578474581241607666e-02
-3.934463486075401306e-02
-1.992021314799785614e-02
-5.869212746620178223e-02
1.020592637360095978e-02
-5.094651132822036743e-02
-1.602457091212272644e-02
2.158560417592525482e-02
8.915248326957225800e-03
2.536353468894958496e-02
-4.587263613939285278e-02
-3.941766917705535889e-02
3.147515235468745232e-04
-1.568679511547088623e-02
5.551937222480773926e-02
2.364861406385898590e-02
-3.083603642880916595e-02
-5.871411878615617752e-03
-2.419267036020755768e-02
-3.335503488779067993e-02
-4.175833612680435181e-02
-1.696257665753364563e-02
-1.070382911711931229e-02
-1.647480949759483337e-02
-3.337690234184265137e-02
-3.135895729064941406e-02
5.738089093938469887e-04
-6.425241380929946899e-02
-4.179491661489009857e-03
-1.170228642877191305e-04
-8.762090466916561127e-03
-5.650484189391136169e-02
1.405333075672388077e-02
-4.461039230227470398e-02
-1.954486407339572906e-02
-2.899068966507911682e-02
2.467256039381027222e-03
-2.425441704690456390e-02
-6.816636025905609131e-02
8.968555368483066559e-03
-1.077214162796735764e-02
-5.359240993857383728e-02
-1.684317924082279205e-02
-8.235590532422065735e-03
-4.220022633671760559e-02
-3.565812250599265099e-03
1.000745780766010284e-02
-2.702969312667846680e-02
-4.190604388713836670e-02
-3.741390258073806763e-02
8.735278621315956116e-03
-3.141133859753608704e-02
-1.928233727812767029e-02
-1.742875389754772186e-02
9.819523431360721588e-03
-1.200146973133087158e-03
-1.261288486421108246e-02
-1.190671697258949280e-03
-5.651785759255290031e-04
-1.569898799061775208e-02
-4.857029393315315247e-02
-3.782250918447971344e-03
-6.398582365363836288e-03
-4.896654561161994934e-02
-4.884382709860801697e-02
-2.531708916649222374e-03
-1.511103380471467972e-02
-5.328942835330963135e-02
1.911787688732147217e-02
-1.781222037971019745e-02
-4.742314293980598450e-02
-4.616465419530868530e-02
-2.993046306073665619e-02
-3.218484669923782349e-02
-2.782753296196460724e-02
-4.912602901458740234e-02
-4.320181906223297119e-02
-1.724396087229251862e-02
-4.029721021652221680e-02
-6.182567775249481201e-02
-6.889174692332744598e-03
-2.049859426915645599e-02
3.288290230557322502e-03
2.770153433084487915e-02
1.527740247547626495e-02
-2.963345125317573547e-02
-5.653084442019462585e-02
-1.647860743105411530e-02
-3.294339403510093689e-02
-6.331949681043624878e-02
-3.637669235467910767e-02
-9.635954163968563080e-03
-5.341179668903350830e-02
-1.589730195701122284e-02
-7.676740735769271851e-02
-1.466793753206729889e-02
-1.939613185822963715e-02
2.483909577131271362e-02
-4.651543870568275452e-02
-2.690980769693851471e-02
-2.595330961048603058e-02
2.617670223116874695e-03
-1.212824229151010513e-02
-1.788364164531230927e-02
-2.052518166601657867e-02
-1.784575544297695160e-02
-5.990007147192955017e-02
-3.483143448829650879e-02
-4.937541205435991287e-03
-5.592652037739753723e-02
1.828761887736618519e-03
-3.813355788588523865e-02
-2.191637270152568817e-02
-4.168689250946044922e-02
-5.426781717687845230e-03
-1.764095760881900787e-02
-2.276496961712837219e-02
-2.357258833944797516e-02
-3.185454010963439941e-02
-4.833670705556869507e-02
1.394739653915166855e-02
2.844057045876979828e-03
-5.554090719670057297e-03
6.522793788462877274e-03
1.671972568146884441e-03
-7.845506072044372559e-02
-3.736321628093719482e-02
-5.400782451033592224e-02
-6.599948555231094360e-02
-5.956798419356346130e-02
-3.874063724651932716e-03
-3.055518865585327148e-02
-1.416394859552383423e-02
-1.404153741896152496e-02
-6.481384485960006714e-02
1.865905337035655975e-02
-2.522696973755955696e-03
-1.240980438888072968e-02
1.567542180418968201e-02
-3.399953991174697876e-02
-1.666972972452640533e-02
-7.799962069839239120e-03
-3.445696085691452026e-03
1.027290895581245422e-02
-5.964656174182891846e-02
1.403174735605716705e-02
-1.458758208900690079e-02
-6.274652481079101562e-02
-3.478460386395454407e-02
-2.272173576056957245e-02
-4.137551039457321167e-02
-5.784927681088447571e-02
-4.114030674099922180e-02
-3.727617859840393066e-02
-1.006166357547044754e-02
-4.325848817825317383e-02
-2.870415151119232178e-02
-2.133900858461856842e-02
-8.133042603731155396e-03
-1.082909014075994492e-02
-3.579393401741981506e-02
-3.110619634389877319e-02
3.298718482255935669e-02
-3.068392910063266754e-02
-4.125608503818511963e-02
-2.662856690585613251e-02
-1.929203048348426819e-02
-4.304737225174903870e-02
-7.459759712219238281e-03
-9.507250040769577026e-03
4.702525213360786438e-03
-2.133248001337051392e-02
-3.062637336552143097e-02
-7.268931251019239426e-03
3.207955509424209595e-02
-2.988351508975028992e-02
1.240464951843023300e-02
-1.768335141241550446e-02
-3.023146837949752808e-02
-1.615825109183788300e-02
-3.170986473560333252e-02
4.815048538148403168e-03
-2.517751650884747505e-03
1.531621441245079041e-02
-2.549990452826023102e-02
-4.248713329434394836e-02
-3.933394700288772583e-02
3.098772466182708740e-02
-7.746066432446241379e-03
-5.734714865684509277e-02
1.516075897961854935e-02
-1.541042048484086990e-02
-1.716892234981060028e-02
-8.568499237298965454e-03
-3.907825797796249390e-02
-3.684128820896148682e-02
-4.063298180699348450e-02
-4.974208772182464600e-02
-2.638840861618518829e-02
-4.302430897951126099e-02
-2.571770735085010529e-02
-5.841581150889396667e-02
-5.539804697036743164e-02
-3.239021077752113342e-02
-3.963179886341094971e-02
2.004071511328220367e-02
-4.657580330967903137e-02
-1.954311132431030273e-02
1.053930912166833878e-02
-6.485749036073684692e-02
-3.382939472794532776e-02
-3.520100191235542297e-02
-4.610624909400939941e-02
-1.183797046542167664e-02
-4.990614484995603561e-03
-7.801029831171035767e-03
-3.265867009758949280e-02
-1.131256204098463058e-02
-1.267802156507968903e-02
1.592127792537212372e-02
1.832392998039722443e-02
-2.379677817225456238e-02
3.571636276319622993e-03
-1.243422273546457291e-02
-7.125616073608398438e-03
-4.925561696290969849e-02
-1.685077883303165436e-02
-2.355353534221649170e-02
-3.758264333009719849e-02
-2.453461103141307831e-02
-4.774647578597068787e-02
-1.642890274524688721e-02
-7.267227023839950562e-02
-2.939767017960548401e-02
-1.646406203508377075e-02
-4.692229628562927246e-02
-4.253998398780822754e-02
-3.961469233036041260e-02
4.153753165155649185e-03
-2.357939817011356354e-02
-4.648718237876892090e-02
-3.494419530034065247e-02
-1.824811659753322601e-02
-1.633006334304809570e-02
-1.379440352320671082e-02
-6.735679507255554199e-02
-2.812933363020420074e-02
-4.047041293233633041e-03
-3.319642692804336548e-02
