2.726589702069759369e-02
5.010596290230751038e-02
3.103385679423809052e-02
4.389033466577529907e-02
4.074607416987419128e-02
3.855047002434730530e-02
3.241803869605064392e-02
1.882379315793514252e-02
2.490944974124431610e-02
1.876993849873542786e-02
2.220505848526954651e-02
1.710967905819416046e-02
1.545857451856136322e-02
4.636899009346961975e-02
2.449439093470573425e-02
5.129596963524818420e-02
4.699293896555900574e-02
2.870824933052062988e-02
2.342644147574901581e-02
4.912184178829193115e-02
4.726888611912727356e-02
3.584761917591094971e-02
2.917221561074256897e-02
2.510891482234001160e-02
5.859250947833061218e-02
1.720236428081989288e-02
1.412859652191400528e-02
4.322767257690429688e-02
2.320239134132862091e-02
1.981546171009540558e-02
2.415248937904834747e-02
3.466307371854782104e-02
1.878948509693145752e-02
5.249723047018051147e-02
1.881018653512001038e-02
1.748957112431526184e-02
3.059086948633193970e-02
5.326710268855094910e-02
1.977526210248470306e-02
1.891557127237319946e-02
4.309888556599617004e-02
1.400501932948827744e-02
1.802280172705650330e-02
4.838411509990692139e-02
3.722477331757545471e-02
1.052956283092498779e-02
5.511369928717613220e-02
4.632414877414703369e-02
3.449850529432296753e-02
4.468820616602897644e-02
3.770865499973297119e-02
3.228281810879707336e-02
1.948315836489200592e-02
2.329444140195846558e-02
2.366103418171405792e-02
1.015871670097112656e-02
3.691431507468223572e-02
3.490120545029640198e-02
2.983216568827629089e-02
2.929265238344669342e-02
1.879630982875823975e-02
1.985921524465084076e-02
5.113499984145164490e-02
3.276469931006431580e-02
