8.617214560508728027e-01
8.522042036056518555e-01
1.114597678184509277e+00
8.545916080474853516e-01
9.980299472808837891e-01
1.151934981346130371e+00
8.523855209350585938e-01
1.135073423385620117e+00
8.509501218795776367e-01
8.398213982582092285e-01
1.114909291267395020e+00
9.869184494018554688e-01
9.803180694580078125e-01
7.617264389991760254e-01
9.895233511924743652e-01
8.754437565803527832e-01
1.008471846580505371e+00
8.474534153938293457e-01
1.167584657669067383e+00
1.123118996620178223e+00
1.068709254264831543e+00
9.035964012145996094e-01
8.713145852088928223e-01
9.799958467483520508e-01
1.114155530929565430e+00
1.016180515289306641e+00
9.716095924377441406e-01
8.161263465881347656e-01
1.094577193260192871e+00
1.044926762580871582e+00
1.059515833854675293e+00
9.896366000175476074e-01
1.023396372795104980e+00
1.014768958091735840e+00
1.074533939361572266e+00
1.101334810256958008e+00
9.210587739944458008e-01
8.909263014793395996e-01
1.089609861373901367e+00
1.247257947921752930e+00
9.526428580284118652e-01
1.104047775268554688e+00
1.173571944236755371e+00
1.021240115165710449e+00
9.883742928504943848e-01
9.239104986190795898e-01
8.863300681114196777e-01
1.069322109222412109e+00
1.157927632331848145e+00
8.749360442161560059e-01
1.055362343788146973e+00
8.689755201339721680e-01
9.687890410423278809e-01
9.394005537033081055e-01
9.807556867599487305e-01
1.007941126823425293e+00
8.209627866744995117e-01
1.011001706123352051e+00
1.056199312210083008e+00
8.280752897262573242e-01
1.101715922355651855e+00
1.208163976669311523e+00
1.048667311668395996e+00
9.326782226562500000e-01
8.884527087211608887e-01
1.118292927742004395e+00
9.429351687431335449e-01
9.479570388793945312e-01
1.099563956260681152e+00
1.023575186729431152e+00
8.863097429275512695e-01
8.665093779563903809e-01
8.404581546783447266e-01
9.684734940528869629e-01
1.091839313507080078e+00
1.094185829162597656e+00
9.943252801895141602e-01
8.472918272018432617e-01
9.536153078079223633e-01
9.389318823814392090e-01
1.001119494438171387e+00
7.268297076225280762e-01
1.061484217643737793e+00
9.001401662826538086e-01
1.080187678337097168e+00
9.239472746849060059e-01
9.702723622322082520e-01
9.394741654396057129e-01
9.115375280380249023e-01
9.870253205299377441e-01
8.901352882385253906e-01
9.669243097305297852e-01
8.636923432350158691e-01
1.233808755874633789e+00
8.187822699546813965e-01
1.084864020347595215e+00
1.037671208381652832e+00
8.437613248825073242e-01
9.751958847045898438e-01
8.279554843902587891e-01
9.880799055099487305e-01
9.959787130355834961e-01
1.199087977409362793e+00
1.043828368186950684e+00
1.003766894340515137e+00
1.052925944328308105e+00
8.374661207199096680e-01
1.153735280036926270e+00
9.213137626647949219e-01
1.123277783393859863e+00
1.073694705963134766e+00
1.089359879493713379e+00
8.727696537971496582e-01
1.161789894104003906e+00
1.117219567298889160e+00
1.041328907012939453e+00
1.106322765350341797e+00
1.030498266220092773e+00
9.963309764862060547e-01
8.646896481513977051e-01
1.098309636116027832e+00
1.066118001937866211e+00
1.201592087745666504e+00
1.211146950721740723e+00
1.061708092689514160e+00
8.204943537712097168e-01
8.619012236595153809e-01
9.406177401542663574e-01
