5.696644186973571777e-01
5.505947470664978027e-01
8.687801361083984375e-01
1.163482069969177246e+00
6.435018777847290039e-01
3.079528212547302246e-01
5.695515871047973633e-01
1.027263283729553223e+00
6.623728275299072266e-01
7.822141647338867188e-01
1.077278733253479004e+00
5.797781944274902344e-01
9.867470264434814453e-01
8.368590474128723145e-01
4.562237262725830078e-01
6.623140573501586914e-01
6.640758514404296875e-01
6.548168659210205078e-01
6.176669001579284668e-01
4.115335941314697266e-01
7.482899427413940430e-01
8.208163976669311523e-01
6.486084461212158203e-01
5.494033694267272949e-01
5.110439658164978027e-01
5.090845227241516113e-01
8.536049127578735352e-01
3.094543516635894775e-01
5.436835289001464844e-01
2.796879112720489502e-01
6.641428470611572266e-01
7.281045913696289062e-01
6.031314134597778320e-01
5.871807932853698730e-01
1.115292072296142578e+00
8.747249245643615723e-01
6.296232938766479492e-01
1.058044791221618652e+00
2.957638204097747803e-01
6.711327433586120605e-01
9.001021385192871094e-01
1.061675310134887695e+00
3.907638788223266602e-01
2.910749614238739014e-01
9.262367486953735352e-01
7.900937199592590332e-01
1.360884904861450195e+00
4.549050033092498779e-01
6.811827421188354492e-01
8.478264808654785156e-01
6.977163553237915039e-01
1.413633942604064941e+00
9.888496994972229004e-01
7.645872831344604492e-01
8.232247233390808105e-01
6.794408559799194336e-01
5.567692518234252930e-01
1.139692902565002441e+00
1.057340502738952637e+00
4.498529434204101562e-01
3.063473999500274658e-01
6.761681437492370605e-01
8.753719925880432129e-01
5.292828679084777832e-01
7.114237546920776367e-01
5.956934690475463867e-01
5.135717391967773438e-01
2.562641203403472900e-01
9.486786723136901855e-01
6.795313358306884766e-01
2.038865804672241211e+00
5.168961286544799805e-01
9.189426898956298828e-01
3.404754400253295898e-01
4.247962832450866699e-01
5.141006112098693848e-01
3.340424895286560059e-01
7.154523134231567383e-01
4.246797859668731689e-01
5.056862831115722656e-01
2.889293730258941650e-01
5.177980661392211914e-01
6.632951498031616211e-01
1.072814702987670898e+00
8.433667421340942383e-01
4.849882125854492188e-01
2.924277186393737793e-01
6.394492983818054199e-01
8.179515600204467773e-01
4.367220103740692139e-01
4.375653266906738281e-01
5.735024213790893555e-01
1.231005191802978516e+00
6.014527082443237305e-01
1.022608041763305664e+00
1.202845931053161621e+00
9.213514328002929688e-01
9.234909415245056152e-01
5.963201522827148438e-01
5.531867742538452148e-01
7.847547531127929688e-01
8.803550004959106445e-01
8.253151178359985352e-01
8.492770195007324219e-01
5.187162756919860840e-01
6.982426643371582031e-01
7.478243112564086914e-01
3.348177671432495117e-01
6.648722887039184570e-01
3.632639646530151367e-01
5.885479450225830078e-01
3.414369225502014160e-01
8.895856142044067383e-01
7.130521535873413086e-01
4.533078968524932861e-01
4.481743872165679932e-01
3.946643769741058350e-01
5.192721486091613770e-01
9.748055934906005859e-01
4.253201186656951904e-01
5.855045318603515625e-01
5.383871197700500488e-01
4.907887876033782959e-01
7.692879438400268555e-01
6.162927150726318359e-01
5.490995645523071289e-01
8.967052102088928223e-01
6.771456003189086914e-01
7.715009450912475586e-01
2.702621817588806152e-01
6.200584173202514648e-01
6.742585897445678711e-01
8.846991062164306641e-01
6.134797930717468262e-01
4.177047908306121826e-01
9.993326067924499512e-01
3.163314461708068848e-01
6.753476262092590332e-01
5.303570628166198730e-01
7.661355733871459961e-01
6.627925038337707520e-01
1.240244269371032715e+00
1.189812064170837402e+00
8.751379847526550293e-01
4.172663688659667969e-01
6.969088912010192871e-01
6.611045002937316895e-01
3.546858131885528564e-01
2.925486266613006592e-01
6.970374584197998047e-01
1.011256814002990723e+00
5.048143267631530762e-01
8.635983467102050781e-01
6.459814310073852539e-01
4.941938817501068115e-01
4.340209662914276123e-01
3.151918053627014160e-01
6.470200419425964355e-01
5.776441097259521484e-01
8.148317933082580566e-01
3.208827972412109375e-01
8.574428558349609375e-01
5.792928338050842285e-01
5.998944044113159180e-01
1.344226360321044922e+00
5.923899412155151367e-01
1.082260012626647949e+00
4.638563096523284912e-01
4.544900059700012207e-01
1.008285403251647949e+00
6.691028475761413574e-01
6.633074879646301270e-01
1.128550648689270020e+00
1.195381402969360352e+00
6.687033176422119141e-01
6.765271425247192383e-01
4.028031229972839355e-01
1.435355544090270996e+00
9.049867391586303711e-01
2.811889946460723877e-01
5.016212463378906250e-01
7.647135257720947266e-01
3.679492175579071045e-01
7.080019712448120117e-01
6.741095185279846191e-01
8.739427924156188965e-01
7.317841649055480957e-01
6.168888807296752930e-01
5.210897922515869141e-01
7.280870676040649414e-01
8.031294941902160645e-01
7.721403837203979492e-01
6.759971976280212402e-01
1.538734197616577148e+00
8.423334360122680664e-01
4.870953261852264404e-01
5.428913235664367676e-01
5.463739037513732910e-01
5.923957824707031250e-01
1.037223815917968750e+00
7.289620637893676758e-01
6.262579560279846191e-01
4.045028686523437500e-01
4.809236824512481689e-01
1.465215206146240234e+00
1.257080554962158203e+00
8.746632337570190430e-01
6.887133121490478516e-01
3.715474307537078857e-01
7.718365788459777832e-01
6.873443126678466797e-01
4.946851134300231934e-01
1.010883331298828125e+00
5.288371443748474121e-01
3.946802914142608643e-01
9.625594615936279297e-01
2.886896133422851562e+00
9.036208987236022949e-01
7.734521627426147461e-01
6.242564320564270020e-01
3.424894213676452637e-01
5.936207175254821777e-01
5.957632660865783691e-01
8.713915944099426270e-01
4.466122090816497803e-01
9.044409990310668945e-01
1.170669317245483398e+00
6.437652707099914551e-01
2.992621660232543945e-01
5.208650827407836914e-01
7.932866215705871582e-01
1.083303332328796387e+00
6.309987902641296387e-01
7.142926454544067383e-01
8.175531625747680664e-01
6.015149950981140137e-01
1.818035960197448730e+00
5.956803560256958008e-01
4.372827410697937012e-01
4.325017333030700684e-01
2.831629514694213867e-01
6.101486682891845703e-01
3.927835524082183838e-01
1.983548164367675781e+00
4.123343825340270996e-01
9.666594266891479492e-01
3.322452306747436523e-01
8.212013840675354004e-01
7.312000393867492676e-01
8.668736815452575684e-01
5.419069528579711914e-01
8.006951212882995605e-01
5.632708668708801270e-01
5.152067542076110840e-01
5.442866683006286621e-01
3.862469494342803955e-01
7.949584722518920898e-01
6.512050628662109375e-01
5.358870625495910645e-01
6.305449604988098145e-01
7.221382856369018555e-01
7.237737178802490234e-01
5.075942277908325195e-01
5.154929757118225098e-01
7.914981842041015625e-01
4.673574268817901611e-01
8.728792071342468262e-01
5.526046156883239746e-01
1.718483924865722656e+00
6.580509543418884277e-01
8.210234642028808594e-01
4.263988435268402100e-01
7.204735279083251953e-01
1.037387847900390625e+00
6.854855418205261230e-01
9.282257556915283203e-01
9.712458848953247070e-01
3.906267583370208740e-01
5.820003151893615723e-01
5.465685129165649414e-01
3.608986139297485352e-01
6.492452025413513184e-01
8.259697556495666504e-01
6.945104598999023438e-01
5.952224135398864746e-01
2.979340255260467529e-01
3.412327170372009277e-01
5.620630979537963867e-01
4.550060927867889404e-01
4.012254178524017334e-01
3.694174587726593018e-01
7.030759453773498535e-01
7.770562767982482910e-01
4.534697234630584717e-01
6.462528109550476074e-01
1.204364299774169922e+00
3.301782608032226562e-01
8.071818351745605469e-01
1.774729847908020020e+00
3.549468219280242920e-01
5.762987136840820312e-01
7.079077959060668945e-01
3.148815333843231201e-01
1.075117349624633789e+00
5.801300406455993652e-01
1.016008257865905762e+00
8.744342923164367676e-01
3.999694883823394775e-01
5.298572778701782227e-01
6.540999412536621094e-01
5.165040493011474609e-01
7.603480815887451172e-01
6.735774278640747070e-01
6.324393153190612793e-01
7.749601602554321289e-01
8.630855679512023926e-01
5.808948874473571777e-01
6.672953367233276367e-01
9.706839323043823242e-01
4.953943490982055664e-01
4.758047461509704590e-01
5.904600620269775391e-01
8.343082070350646973e-01
2.671227455139160156e-01
4.281819462776184082e-01
7.842193841934204102e-01
6.295067667961120605e-01
7.533488869667053223e-01
7.223821878433227539e-01
1.092689752578735352e+00
5.902780294418334961e-01
6.118743419647216797e-01
6.587371826171875000e-01
6.800549030303955078e-01
2.947148382663726807e-01
1.445729494094848633e+00
8.655856847763061523e-01
6.692011952400207520e-01
7.269390225410461426e-01
6.392453908920288086e-01
7.499907612800598145e-01
9.918012619018554688e-01
9.840183854103088379e-01
6.261273622512817383e-01
8.357931375503540039e-01
2.805526256561279297e-01
1.151363849639892578e+00
7.673016190528869629e-01
5.107995867729187012e-01
3.584515154361724854e-01
5.577858090400695801e-01
4.745848178863525391e-01
3.008799850940704346e-01
7.354074716567993164e-01
4.101530015468597412e-01
1.013165473937988281e+00
6.856261491775512695e-01
5.188868641853332520e-01
9.049257040023803711e-01
5.107303857803344727e-01
5.482634902000427246e-01
2.899311780929565430e-01
8.817632794380187988e-01
3.190809488296508789e-01
2.602019011974334717e-01
7.433283329010009766e-01
5.648649930953979492e-01
6.186558008193969727e-01
6.052497029304504395e-01
7.840434312820434570e-01
5.551097989082336426e-01
7.663832902908325195e-01
8.083495497703552246e-01
6.141076683998107910e-01
4.544455707073211670e-01
1.185145139694213867e+00
6.131590008735656738e-01
4.520868360996246338e-01
7.167131304740905762e-01
1.034043550491333008e+00
9.646968841552734375e-01
5.879815220832824707e-01
5.590726733207702637e-01
5.518177151679992676e-01
2.887266278266906738e-01
4.502083063125610352e-01
6.212885975837707520e-01
5.912667512893676758e-01
3.215554058551788330e-01
5.905865430831909180e-01
5.925611257553100586e-01
6.427346467971801758e-01
6.144741773605346680e-01
5.251806974411010742e-01
7.260699868202209473e-01
9.113550782203674316e-01
6.770656108856201172e-01
3.758842349052429199e-01
5.583441853523254395e-01
5.005327463150024414e-01
7.133330106735229492e-01
6.198471188545227051e-01
8.354812264442443848e-01
9.197213053703308105e-01
1.202133536338806152e+00
9.774789810180664062e-01
5.700142383575439453e-01
1.057212591171264648e+00
1.079404950141906738e+00
5.549776554107666016e-01
6.454262733459472656e-01
1.008875966072082520e+00
1.162984490394592285e+00
5.435211062431335449e-01
7.422257065773010254e-01
5.496392250061035156e-01
7.790343165397644043e-01
5.487889051437377930e-01
4.723054170608520508e-01
1.279422163963317871e+00
1.188866853713989258e+00
1.571972966194152832e+00
5.248991250991821289e-01
8.136177659034729004e-01
1.220048308372497559e+00
6.417919397354125977e-01
4.692982137203216553e-01
8.573151826858520508e-01
6.982786655426025391e-01
8.399179577827453613e-01
4.504993259906768799e-01
3.873869478702545166e-01
6.113165020942687988e-01
6.008270382881164551e-01
8.784968852996826172e-01
2.500653266906738281e-01
5.551301836967468262e-01
7.248589992523193359e-01
4.147917926311492920e-01
5.395095944404602051e-01
1.029486060142517090e+00
4.767888188362121582e-01
1.188599109649658203e+00
7.345913052558898926e-01
8.096361756324768066e-01
7.345235943794250488e-01
8.427532315254211426e-01
7.528578639030456543e-01
7.209477424621582031e-01
3.068476021289825439e-01
9.221458435058593750e-01
4.175785481929779053e-01
3.753744065761566162e-01
9.645324349403381348e-01
7.952571511268615723e-01
7.195905447006225586e-01
6.017071604728698730e-01
6.054356694221496582e-01
8.265919685363769531e-01
5.577950477600097656e-01
4.788960516452789307e-01
1.025905966758728027e+00
7.432674169540405273e-01
2.789345979690551758e-01
6.060512065887451172e-01
4.476097822189331055e-01
4.796309769153594971e-01
5.738326907157897949e-01
1.147022485733032227e+00
4.236496984958648682e-01
6.494889259338378906e-01
4.842100143432617188e-01
4.701803624629974365e-01
5.147233605384826660e-01
5.692649483680725098e-01
7.424715757369995117e-01
7.549529671669006348e-01
9.883351325988769531e-01
1.066301107406616211e+00
5.226137042045593262e-01
5.636084675788879395e-01
1.299469113349914551e+00
2.771454751491546631e-01
3.604739010334014893e-01
1.682021141052246094e+00
3.400478065013885498e-01
4.464360177516937256e-01
9.414725303649902344e-01
4.782711565494537354e-01
5.641751885414123535e-01
4.246855974197387695e-01
1.190292119979858398e+00
5.772239565849304199e-01
5.684663057327270508e-01
8.702914118766784668e-01
6.654994487762451172e-01
4.708771705627441406e-01
8.613076210021972656e-01
6.383368968963623047e-01
9.130392670631408691e-01
5.276711583137512207e-01
5.693346261978149414e-01
7.435453534126281738e-01
8.105572462081909180e-01
9.783191084861755371e-01
7.035318613052368164e-01
5.077251195907592773e-01
6.232525110244750977e-01
6.087913513183593750e-01
3.297306597232818604e-01
6.660136580467224121e-01
4.896905720233917236e-01
