1.818561553955078125e+00
1.993584275245666504e+00
1.699033975601196289e+00
2.293260335922241211e+00
1.221460342407226562e+00
1.365813136100769043e+00
2.094348907470703125e+00
1.523809671401977539e+00
7.977190613746643066e-01
1.237772941589355469e+00
1.042551517486572266e+00
9.362671375274658203e-01
1.319514751434326172e+00
5.520674586296081543e-01
1.110756278038024902e+00
8.263116478919982910e-01
7.696744799613952637e-01
6.032101511955261230e-01
1.817178249359130859e+00
1.042913317680358887e+00
9.853594303131103516e-01
1.165849328041076660e+00
1.676369309425354004e+00
9.224022626876831055e-01
5.013505220413208008e-01
1.796798467636108398e+00
1.409129738807678223e+00
1.374652743339538574e+00
1.104427814483642578e+00
1.175815820693969727e+00
1.872164726257324219e+00
1.469459176063537598e+00
1.244464635848999023e+00
1.369580388069152832e+00
1.615642786026000977e+00
1.026742815971374512e+00
1.718038916587829590e+00
1.903768539428710938e+00
1.606547951698303223e+00
1.495656251907348633e+00
7.127603292465209961e-01
7.462918162345886230e-01
2.003510475158691406e+00
2.550107479095458984e+00
1.437768936157226562e+00
6.829606890678405762e-01
5.167445540428161621e-01
5.661077499389648438e-01
1.388543367385864258e+00
1.628033876419067383e+00
9.249381422996520996e-01
9.588900208473205566e-01
1.112044930458068848e+00
1.626861453056335449e+00
1.242220401763916016e+00
1.274779915809631348e+00
8.165692090988159180e-01
9.008433222770690918e-01
1.445366263389587402e+00
2.355667352676391602e+00
8.597078323364257812e-01
8.158634901046752930e-01
6.681322455406188965e-01
2.172836303710937500e+00
1.802415847778320312e+00
1.583547472953796387e+00
1.541761279106140137e+00
1.344009160995483398e+00
1.016438603401184082e+00
5.439835190773010254e-01
1.974542379379272461e+00
7.750682830810546875e-01
1.090081095695495605e+00
6.985427141189575195e-01
6.758452057838439941e-01
1.762053489685058594e+00
8.981187343597412109e-01
7.226922512054443359e-01
9.684321880340576172e-01
1.080024957656860352e+00
2.014379739761352539e+00
1.113344192504882812e+00
1.950445890426635742e+00
1.006829261779785156e+00
1.093190431594848633e+00
9.250456094741821289e-01
1.413956880569458008e+00
2.459389686584472656e+00
8.436497449874877930e-01
6.502898931503295898e-01
1.316047668457031250e+00
1.202218890190124512e+00
7.555640339851379395e-01
1.901337146759033203e+00
5.001316666603088379e-01
6.380579471588134766e-01
8.537589311599731445e-01
1.098653197288513184e+00
3.450938463211059570e+00
9.608302116394042969e-01
1.274321317672729492e+00
2.441523075103759766e+00
8.608465194702148438e-01
1.567292690277099609e+00
2.377038717269897461e+00
1.103587150573730469e+00
1.760559201240539551e+00
1.035088419914245605e+00
1.775323748588562012e+00
2.197495698928833008e+00
6.023386716842651367e-01
1.167841672897338867e+00
1.426132917404174805e+00
6.343196034431457520e-01
1.014429688453674316e+00
8.455683588981628418e-01
1.499903321266174316e+00
9.469974040985107422e-01
1.637630939483642578e+00
1.631854891777038574e+00
9.640937447547912598e-01
1.275149822235107422e+00
9.390839338302612305e-01
1.284193873405456543e+00
1.624967336654663086e+00
8.055720329284667969e-01
6.449810266494750977e-01
1.313922405242919922e+00
1.061144828796386719e+00
6.461569070816040039e-01
8.103933930397033691e-01
1.768318176269531250e+00
6.759618520736694336e-01
1.081385135650634766e+00
9.187562465667724609e-01
1.940381526947021484e+00
1.052726268768310547e+00
1.265715122222900391e+00
8.855314254760742188e-01
1.097216963768005371e+00
1.014239192008972168e+00
1.008403658866882324e+00
1.308278441429138184e+00
1.117199063301086426e+00
8.915379643440246582e-01
8.237150907516479492e-01
1.770318746566772461e+00
8.196200728416442871e-01
2.146566390991210938e+00
1.528072834014892578e+00
8.461231589317321777e-01
1.217279553413391113e+00
1.088654756546020508e+00
6.645169258117675781e-01
1.953338980674743652e+00
7.062189579010009766e-01
1.118738651275634766e+00
1.380311250686645508e+00
7.494729757308959961e-01
1.067888140678405762e+00
9.144571423530578613e-01
1.105103611946105957e+00
2.087454080581665039e+00
1.234232425689697266e+00
1.408636569976806641e+00
5.557426810264587402e-01
1.393327593803405762e+00
1.259308815002441406e+00
9.691324234008789062e-01
8.969655036926269531e-01
4.540993273258209229e-01
1.158298730850219727e+00
1.993876814842224121e+00
1.851153612136840820e+00
1.561562180519104004e+00
1.415605783462524414e+00
9.603915810585021973e-01
1.219057679176330566e+00
8.686749339103698730e-01
1.321785330772399902e+00
9.049798846244812012e-01
9.038661122322082520e-01
1.489018678665161133e+00
1.515555024147033691e+00
1.707694411277770996e+00
2.085854530334472656e+00
1.511532425880432129e+00
8.375005722045898438e-01
1.241825103759765625e+00
1.686481356620788574e+00
1.452770233154296875e+00
9.074125289916992188e-01
1.156047344207763672e+00
1.815289139747619629e+00
9.302387237548828125e-01
1.137644529342651367e+00
1.225152015686035156e+00
7.168703675270080566e-01
9.645591378211975098e-01
1.554419517517089844e+00
1.421712875366210938e+00
1.045980215072631836e+00
7.133426666259765625e-01
9.735177755355834961e-01
1.806549429893493652e+00
8.709152936935424805e-01
9.185236692428588867e-01
1.331528306007385254e+00
1.528847217559814453e+00
1.093751192092895508e+00
1.590382933616638184e+00
1.263442516326904297e+00
1.881161570549011230e+00
1.269251227378845215e+00
8.944892287254333496e-01
1.060153603553771973e+00
1.221736669540405273e+00
2.094855546951293945e+00
2.115200757980346680e+00
1.412969946861267090e+00
1.123952388763427734e+00
1.527514219284057617e+00
7.459203004837036133e-01
1.014185428619384766e+00
1.890552639961242676e+00
1.076308369636535645e+00
8.377605080604553223e-01
1.318031907081604004e+00
9.069138765335083008e-01
2.326043844223022461e+00
1.040319204330444336e+00
1.438874483108520508e+00
1.462016940116882324e+00
1.107814311981201172e+00
1.162668466567993164e+00
6.451088786125183105e-01
1.017868995666503906e+00
1.260053157806396484e+00
1.294892191886901855e+00
1.543792724609375000e+00
2.443462610244750977e+00
1.441697001457214355e+00
2.302185535430908203e+00
8.248433470726013184e-01
1.988147735595703125e+00
1.530595779418945312e+00
1.133638858795166016e+00
2.079487800598144531e+00
1.993792533874511719e+00
1.398159861564636230e+00
1.155179619789123535e+00
6.088908314704895020e-01
9.415662884712219238e-01
2.265950679779052734e+00
6.906768083572387695e-01
1.343693137168884277e+00
