-4.259854555130004883e-01
-7.007854580879211426e-01
-3.900094330310821533e-02
1.160450577735900879e-01
-1.987534910440444946e-01
-8.282870054244995117e-01
-4.943955838680267334e-01
-2.287103235721588135e-01
-7.457652091979980469e-01
8.321436494588851929e-02
1.633175313472747803e-01
-3.896696865558624268e-01
1.277078986167907715e-01
-3.232022225856781006e-01
-3.255537450313568115e-01
-5.462946295738220215e-01
2.640461623668670654e-01
-7.920631766319274902e-02
-5.654112100601196289e-01
-3.297250568866729736e-01
-2.091559469699859619e-01
-6.666074991226196289e-01
-3.623686134815216064e-01
-1.127174496650695801e-01
-6.811259388923645020e-01
8.549951016902923584e-02
-6.320031881332397461e-01
-2.800297141075134277e-01
-5.581246018409729004e-01
-5.945804119110107422e-01
3.639088869094848633e-01
3.062951266765594482e-01
8.562372922897338867e-01
-5.981222391128540039e-01
-5.130580663681030273e-01
-3.932778239250183105e-01
-4.228183329105377197e-01
-3.531476259231567383e-01
8.036372810602188110e-02
-7.543609738349914551e-01
-2.777498960494995117e-01
-1.352701187133789062e-01
-1.935329437255859375e-01
-4.626684486865997314e-01
-3.089430555701255798e-02
-5.988795757293701172e-01
-2.096468508243560791e-01
5.123467743396759033e-02
-4.064405220560729504e-04
-3.179482221603393555e-01
-3.866372108459472656e-01
-4.857242479920387268e-02
-3.807245492935180664e-01
1.337464600801467896e-01
-6.049372553825378418e-01
-4.040744006633758545e-01
1.755732446908950806e-01
-2.898543179035186768e-01
-4.294550120830535889e-01
-2.399365007877349854e-01
-2.972949147224426270e-01
-5.037572979927062988e-01
5.489416047930717468e-02
1.148764252662658691e+00
