1.007714748382568359e+00
1.009013175964355469e+00
1.013315200805664062e+00
1.023191571235656738e+00
1.005667686462402344e+00
9.750294685363769531e-01
9.775536656379699707e-01
1.001231551170349121e+00
9.993441700935363770e-01
9.774850606918334961e-01
1.043549418449401855e+00
9.804578423500061035e-01
9.992744922637939453e-01
1.026009798049926758e+00
1.007371425628662109e+00
1.007287859916687012e+00
9.895554184913635254e-01
1.003753662109375000e+00
1.005024552345275879e+00
9.887706041336059570e-01
9.955877065658569336e-01
9.909514784812927246e-01
1.016992926597595215e+00
9.988474249839782715e-01
1.019470453262329102e+00
9.926081895828247070e-01
1.012923359870910645e+00
9.842943549156188965e-01
1.014645218849182129e+00
1.020243644714355469e+00
9.878264665603637695e-01
1.028557896614074707e+00
9.951734542846679688e-01
9.825373291969299316e-01
1.016735196113586426e+00
1.013926029205322266e+00
1.006164789199829102e+00
9.898018836975097656e-01
1.007292509078979492e+00
9.723095297813415527e-01
9.840829968452453613e-01
1.013606786727905273e+00
1.006588816642761230e+00
9.874939918518066406e-01
9.830576181411743164e-01
9.940559267997741699e-01
1.012115836143493652e+00
9.968915581703186035e-01
9.883889555931091309e-01
1.025225043296813965e+00
1.012699484825134277e+00
1.013164520263671875e+00
1.007182598114013672e+00
1.004279017448425293e+00
9.957658052444458008e-01
9.947958588600158691e-01
1.006322026252746582e+00
9.882408976554870605e-01
1.011504054069519043e+00
9.899958372116088867e-01
1.016513586044311523e+00
1.005332350730895996e+00
9.487152695655822754e-01
9.441899657249450684e-01
1.006146788597106934e+00
9.958000779151916504e-01
1.014565348625183105e+00
1.020363450050354004e+00
1.002645969390869141e+00
1.002432942390441895e+00
1.013794541358947754e+00
9.986975193023681641e-01
9.691804051399230957e-01
9.928775429725646973e-01
9.781887531280517578e-01
9.906621575355529785e-01
1.005756735801696777e+00
1.012674808502197266e+00
9.853109121322631836e-01
1.002016186714172363e+00
9.886223077774047852e-01
9.769065976142883301e-01
1.001979470252990723e+00
1.017298817634582520e+00
9.814595580101013184e-01
9.952874183654785156e-01
9.758286476135253906e-01
1.007777452468872070e+00
1.033252835273742676e+00
1.018628597259521484e+00
1.020199298858642578e+00
1.010022997856140137e+00
9.770097732543945312e-01
1.006242513656616211e+00
9.830008745193481445e-01
1.000670194625854492e+00
9.738715887069702148e-01
1.008749842643737793e+00
1.023562669754028320e+00
9.700236916542053223e-01
1.023735880851745605e+00
9.835258126258850098e-01
1.028131842613220215e+00
1.018939256668090820e+00
9.827696084976196289e-01
9.859238266944885254e-01
1.003534436225891113e+00
1.013482809066772461e+00
9.830335378646850586e-01
1.003281712532043457e+00
1.001355409622192383e+00
9.950623512268066406e-01
9.890738725662231445e-01
1.002775311470031738e+00
9.941533803939819336e-01
9.980015158653259277e-01
1.022003769874572754e+00
9.985579848289489746e-01
9.733684062957763672e-01
1.006207585334777832e+00
9.948911666870117188e-01
1.016619205474853516e+00
9.818832874298095703e-01
9.919875264167785645e-01
9.874877929687500000e-01
1.012362718582153320e+00
1.046144604682922363e+00
9.774000644683837891e-01
