1.307430714368820190e-01
1.756754666566848755e-01
-5.132042989134788513e-02
2.757307887077331543e-02
-8.978449553251266479e-02
-4.628478735685348511e-02
-1.710121333599090576e-01
3.351987004280090332e-01
9.621858596801757812e-02
-2.700902894139289856e-02
-2.684281468391418457e-01
4.148207008838653564e-01
-7.620529085397720337e-02
-9.446059912443161011e-02
-2.850738763809204102e-01
3.051419556140899658e-02
2.568123936653137207e-01
-5.861370638012886047e-02
-4.182112216949462891e-02
1.626836955547332764e-01
-1.726090908050537109e-01
1.809550225734710693e-01
1.390526592731475830e-01
-2.256685346364974976e-01
4.749711602926254272e-02
2.518478140700608492e-04
-1.080132927745580673e-02
-7.021453231573104858e-03
2.068906649947166443e-02
1.354265958070755005e-01
-1.848956756293773651e-02
8.948387205600738525e-02
-2.687495946884155273e-01
-2.208397686481475830e-01
3.962706625461578369e-01
-1.399141848087310791e-01
1.682702451944351196e-01
4.037878215312957764e-01
1.950700581073760986e-01
3.282153606414794922e-01
3.820916712284088135e-01
1.598043441772460938e-01
3.874127566814422607e-01
-2.248412668704986572e-01
-6.274937987327575684e-01
8.723913878202438354e-02
-2.762778103351593018e-01
2.108580432832241058e-02
-3.973167240619659424e-01
5.354193225502967834e-02
1.796277761459350586e-01
2.302992045879364014e-01
2.076028101146221161e-02
-3.505903482437133789e-01
2.324910461902618408e-02
-4.538055509328842163e-02
-1.736547350883483887e-01
-8.436355739831924438e-02
-7.912231236696243286e-02
-9.512524306774139404e-02
-6.383004784584045410e-01
-4.078132808208465576e-01
-1.371242105960845947e-01
1.748055964708328247e-02
-2.613272666931152344e-01
-2.324230372905731201e-01
3.519534766674041748e-01
4.445751011371612549e-01
-1.109006535261869431e-02
1.240890398621559143e-01
9.983188658952713013e-02
-2.165778577327728271e-01
7.937332987785339355e-02
1.932178884744644165e-01
5.887224897742271423e-02
1.490065921097993851e-02
-2.345432788133621216e-01
-1.272813379764556885e-01
-1.764480024576187134e-02
5.358628928661346436e-03
1.054879873991012573e-01
-9.258655458688735962e-02
1.252565160393714905e-02
2.588297724723815918e-01
-1.159449219703674316e-01
-4.720977246761322021e-01
-6.429459452629089355e-01
3.845360130071640015e-02
-2.055903077125549316e-01
2.107574045658111572e-01
-3.414930701255798340e-01
7.704170048236846924e-02
-6.473698467016220093e-02
-1.522490829229354858e-01
1.144776716828346252e-01
-1.228700652718544006e-01
6.359587609767913818e-02
4.336456954479217529e-01
2.253216207027435303e-01
3.110972344875335693e-01
-2.799478471279144287e-01
-3.405655622482299805e-01
-6.139032170176506042e-02
-3.009956181049346924e-01
-1.785510927438735962e-01
3.205528855323791504e-02
-3.090517520904541016e-01
-5.435329675674438477e-01
-1.679188609123229980e-01
-9.896064549684524536e-02
-3.354749381542205811e-01
-2.745009064674377441e-01
-1.152480170130729675e-01
-1.675937026739120483e-01
-1.359381079673767090e-01
-1.212176755070686340e-01
4.679987132549285889e-01
-3.168897032737731934e-01
8.670733124017715454e-02
-2.178253792226314545e-02
3.812595084309577942e-02
-3.752171397209167480e-01
-4.324799180030822754e-01
-5.236186981201171875e-01
5.689839646220207214e-02
2.309689670801162720e-01
2.539975345134735107e-01
-3.783614039421081543e-01
-2.244876325130462646e-01
3.735094964504241943e-01
1.669185981154441833e-02
-5.768129974603652954e-02
2.578690350055694580e-01
3.057431988418102264e-02
2.821807563304901123e-01
1.358631849288940430e-01
2.159329056739807129e-01
3.239273428916931152e-01
-1.735739856958389282e-01
-5.569277796894311905e-03
-4.171133637428283691e-01
-1.973016560077667236e-01
1.321695148944854736e-01
-8.730824291706085205e-02
-4.368290770798921585e-03
3.205764889717102051e-01
-1.616985648870468140e-01
-1.639273315668106079e-01
-1.306771785020828247e-01
3.295734226703643799e-01
-6.821545213460922241e-02
-1.499999873340129852e-02
6.661524623632431030e-02
-1.664689779281616211e-01
-1.500531136989593506e-01
7.541449069976806641e-01
4.287115335464477539e-01
-8.687418699264526367e-02
-8.090434968471527100e-02
-1.752118468284606934e-01
-8.214351534843444824e-02
4.374697059392929077e-02
2.924068868160247803e-01
2.442669272422790527e-01
7.011918425559997559e-01
-1.845441758632659912e-01
4.051888361573219299e-02
-7.096799463033676147e-02
5.467878654599189758e-02
-1.297281980514526367e-01
-3.789054751396179199e-01
2.532133832573890686e-02
1.743974089622497559e-01
2.188385576009750366e-01
-5.329401791095733643e-02
2.518049478530883789e-01
-2.947604656219482422e-01
2.255611121654510498e-01
-4.498457908630371094e-01
-1.034248620271682739e-01
1.172977238893508911e-01
5.208156704902648926e-01
2.067578136920928955e-01
-1.281162351369857788e-01
4.418159648776054382e-02
-1.010095551609992981e-01
-5.515776574611663818e-02
-3.761428222060203552e-02
-4.506709873676300049e-01
2.743298709392547607e-01
3.048951923847198486e-01
-1.381330937147140503e-01
4.276860952377319336e-01
4.258309900760650635e-01
-1.729350239038467407e-01
-1.557877957820892334e-01
-3.744206726551055908e-01
2.281797230243682861e-01
-2.226540893316268921e-01
-2.993127107620239258e-01
1.180693134665489197e-01
-9.176245331764221191e-02
3.323139548301696777e-01
1.101448163390159607e-01
-4.006037414073944092e-01
3.221362233161926270e-01
-3.693503141403198242e-01
6.968770176172256470e-02
-2.988609671592712402e-01
-7.863815873861312866e-02
9.605230391025543213e-02
-1.248305141925811768e-01
-3.976242989301681519e-02
2.194626070559024811e-02
-4.396990314126014709e-02
-3.687622249126434326e-01
-2.855436205863952637e-01
3.525279462337493896e-02
-2.072884142398834229e-01
-6.546695232391357422e-01
5.042285323143005371e-01
-2.063146382570266724e-01
1.434888243675231934e-01
2.988789230585098267e-02
-1.199991554021835327e-01
-4.144654050469398499e-02
-4.434141814708709717e-01
3.186519443988800049e-02
2.167778611183166504e-01
-3.375883102416992188e-01
-4.318193197250366211e-01
-8.600690215826034546e-02
-9.731339663267135620e-02
6.545001268386840820e-02
6.508319173008203506e-03
-1.104399934411048889e-01
2.126418054103851318e-01
-5.247142314910888672e-01
-2.385124117136001587e-01
-6.601732969284057617e-02
-1.282346993684768677e-01
-8.967348933219909668e-02
-6.626340746879577637e-01
3.196426108479499817e-02
1.440657023340463638e-02
-1.817800998687744141e-01
1.087810844182968140e-01
-1.647958159446716309e-01
-5.474142357707023621e-02
-1.459579616785049438e-01
-1.008821576833724976e-01
-4.463332879822701216e-04
-2.893219888210296631e-01
-1.458291262388229370e-01
-1.377368122339248657e-01
4.200941696763038635e-02
-4.327549934387207031e-01
-1.103630065917968750e-01
1.998572796583175659e-01
-2.243106365203857422e-01
9.180048108100891113e-02
-1.305774301290512085e-01
3.851375281810760498e-01
1.374638676643371582e-01
7.039997726678848267e-02
-4.765203595161437988e-02
-2.848116755485534668e-01
1.706419736146926880e-01
4.751870036125183105e-02
-1.680186390876770020e-01
1.630581766366958618e-01
-3.907930850982666016e-01
-1.155692040920257568e-01
-1.268374919891357422e-01
-4.135662689805030823e-02
4.797062836587429047e-03
-1.685330569744110107e-01
-5.823991447687149048e-02
-1.937425434589385986e-01
4.675207138061523438e-01
3.537235036492347717e-02
1.210366412997245789e-01
1.894626170396804810e-01
-1.707676649093627930e-01
-1.044768169522285461e-01
-4.995109140872955322e-02
1.523332297801971436e-01
1.054923683404922485e-01
-6.562307476997375488e-02
-1.299244016408920288e-01
-2.266624867916107178e-01
-1.063509061932563782e-01
-1.895962050184607506e-03
-1.683468371629714966e-01
-3.818072676658630371e-01
2.459180206060409546e-01
-1.903168112039566040e-01
-1.366809159517288208e-01
-5.215438604354858398e-01
-1.081119105219841003e-01
1.475002765655517578e-01
-3.627434968948364258e-01
-2.629514336585998535e-01
1.377377212047576904e-01
3.644211962819099426e-02
6.642372012138366699e-01
3.705249130725860596e-01
-1.555547490715980530e-02
-4.593205153942108154e-01
3.382949829101562500e-01
-2.647992968559265137e-01
-2.726262211799621582e-01
-5.264506116509437561e-02
-4.502456188201904297e-01
2.246952354907989502e-01
1.983238011598587036e-02
-2.213366329669952393e-01
6.426847726106643677e-02
-1.669007241725921631e-01
-8.978424221277236938e-02
-5.967981368303298950e-02
-3.211492896080017090e-01
-2.451821565628051758e-01
-7.668683528900146484e-01
-2.965435385704040527e-01
2.897174358367919922e-01
-2.320332825183868408e-01
-5.366460233926773071e-02
-1.142723560333251953e-01
-1.211255863308906555e-01
-1.928077079355716705e-02
3.849228918552398682e-01
5.356015264987945557e-02
1.788197755813598633e-01
-5.982864499092102051e-01
-8.911504596471786499e-02
3.041668832302093506e-01
2.654130384325981140e-02
-1.017953529953956604e-01
-9.868668019771575928e-02
-2.259273529052734375e-01
-1.513793505728244781e-02
5.626528263092041016e-01
1.392280757427215576e-01
-3.448039889335632324e-01
5.589497089385986328e-01
1.513420790433883667e-01
-4.113810956478118896e-01
-3.854188369587063789e-03
-3.015706837177276611e-01
3.922570645809173584e-01
-1.260080374777317047e-02
-7.541947066783905029e-02
-7.294392585754394531e-02
-5.522154569625854492e-01
-3.642664253711700439e-01
-1.182803884148597717e-01
-3.454072773456573486e-01
-1.640218123793601990e-02
-1.057571545243263245e-01
2.491278797388076782e-01
3.936985433101654053e-01
1.599182561039924622e-02
6.888291239738464355e-02
-2.148796766996383667e-01
-2.338644266128540039e-01
4.079092741012573242e-01
-1.671559661626815796e-01
3.147030249238014221e-02
-7.310143113136291504e-02
-5.583633780479431152e-01
-2.811225652694702148e-01
-1.053953319787979126e-01
-1.109883859753608704e-01
-4.551729559898376465e-01
-2.208145409822463989e-01
-2.134206518530845642e-02
-2.560052275657653809e-01
4.434482008218765259e-02
1.082160249352455139e-01
-1.782595962285995483e-01
-3.119006156921386719e-01
2.665616869926452637e-01
-2.613764405250549316e-01
-5.230667591094970703e-01
-1.923544406890869141e-01
1.328238546848297119e-01
3.771305978298187256e-01
-2.790872156620025635e-01
-1.356279477477073669e-03
1.474660038948059082e-01
-1.773408651351928711e-01
6.272850185632705688e-02
9.891381114721298218e-02
-2.220770716667175293e-01
-4.573066830635070801e-01
-3.910348415374755859e-01
2.082116454839706421e-01
-5.057613849639892578e-01
1.217871066182851791e-02
-1.418656557798385620e-01
2.442703843116760254e-01
3.459500372409820557e-01
-1.104036942124366760e-01
3.851182758808135986e-01
-3.839059919118881226e-02
3.459462821483612061e-01
-5.245674252510070801e-01
2.777795195579528809e-01
-1.062385216355323792e-01
-1.739823967218399048e-01
2.475795894861221313e-01
7.720530033111572266e-02
-1.434123963117599487e-01
1.067492887377738953e-01
2.747500538825988770e-01
7.095330208539962769e-02
-4.903960973024368286e-02
-4.839945137500762939e-01
-8.106077462434768677e-02
4.378641545772552490e-01
-3.178203478455543518e-03
9.994436800479888916e-02
3.624995797872543335e-02
-1.302236020565032959e-01
-2.053046524524688721e-01
9.847753494977951050e-02
-7.646539807319641113e-02
5.610942468047142029e-02
8.750572800636291504e-03
-4.820235073566436768e-02
9.856017678976058960e-02
-3.491361066699028015e-02
-2.524194419384002686e-01
1.107006743550300598e-01
4.236816242337226868e-02
-4.879278242588043213e-01
4.120834916830062866e-02
2.052471041679382324e-01
-2.485855072736740112e-01
-4.461962282657623291e-01
2.637447714805603027e-01
7.440359890460968018e-02
-1.824876070022583008e-01
2.248172909021377563e-01
-2.360880374908447266e-01
-2.415640950202941895e-01
-5.795055627822875977e-02
-4.790340736508369446e-02
-2.962377965450286865e-01
-3.549440205097198486e-01
2.874779887497425079e-02
1.348062325268983841e-02
-1.825897693634033203e-01
-1.964101642370223999e-01
-9.848130494356155396e-02
-3.838488757610321045e-01
6.735195964574813843e-02
-1.070379167795181274e-01
-3.882065713405609131e-01
-2.960221469402313232e-01
-3.234548568725585938e-01
5.701621063053607941e-03
-2.843224108219146729e-01
1.657780706882476807e-01
-2.632834017276763916e-02
-8.920836448669433594e-02
1.666840165853500366e-01
-1.451256871223449707e-01
-4.471953213214874268e-01
1.816759705543518066e-01
2.034511864185333252e-01
-3.469049036502838135e-01
2.521837316453456879e-02
-5.267612263560295105e-02
-2.429187148809432983e-01
-4.408880174160003662e-01
3.633301854133605957e-01
-5.789106488227844238e-01
7.905560731887817383e-02
5.096592381596565247e-02
3.154274821281433105e-01
-3.326465934514999390e-02
1.850804686546325684e-01
-1.603667140007019043e-01
6.223436072468757629e-02
-4.475097358226776123e-01
2.185838073492050171e-01
-3.114060126245021820e-02
-1.609262079000473022e-01
2.333052754402160645e-01
5.665019154548645020e-02
-4.201885163784027100e-01
-2.878001928329467773e-01
-3.530623912811279297e-01
-3.258423805236816406e-01
-1.770401298999786377e-01
-2.540797889232635498e-01
-2.569222450256347656e-01
-1.031963620334863663e-02
-7.961965352296829224e-02
2.220979332923889160e-01
-3.069123327732086182e-01
-1.511583179235458374e-01
-3.125542402267456055e-01
-3.584239780902862549e-01
-2.330087721347808838e-01
1.950546950101852417e-01
2.764241099357604980e-01
-4.321778938174247742e-02
3.922639414668083191e-02
-1.786536276340484619e-01
3.392484188079833984e-01
-8.256667107343673706e-02
2.162961289286613464e-02
-2.872523069381713867e-01
-3.652341365814208984e-01
-2.084113359451293945e-01
-2.092048525810241699e-01
-1.473931819200515747e-01
3.042624294757843018e-01
-1.046800017356872559e-01
4.548884928226470947e-02
-1.203523501753807068e-01
-1.283472031354904175e-01
-1.886060535907745361e-01
-1.493347287178039551e-01
-1.864790171384811401e-01
-1.370519697666168213e-01
2.632071673870086670e-01
-5.941092222929000854e-02
-2.798517644405364990e-01
-2.112261652946472168e-01
-1.323136240243911743e-01
-3.486912846565246582e-01
3.025959134101867676e-01
-3.682252168655395508e-01
8.969702571630477905e-02
-1.978472769260406494e-01
1.562835425138473511e-01
2.672577798366546631e-01
-8.807746320962905884e-02
1.934586912393569946e-01
-1.715552657842636108e-01
5.069199204444885254e-01
2.473220974206924438e-01
-2.192630320787429810e-01
-7.619609683752059937e-02
-1.132869645953178406e-01
-1.129576265811920166e-01
-1.628655344247817993e-01
3.493545949459075928e-02
4.283219575881958008e-01
2.914511263370513916e-01
-1.619864106178283691e-01
-3.524817153811454773e-02
1.529062539339065552e-01
-2.915826737880706787e-01
1.833907514810562134e-01
7.290697097778320312e-02
8.138846606016159058e-02
-2.070995606482028961e-02
-2.938637733459472656e-01
-8.885865658521652222e-02
-2.168530970811843872e-01
9.025938063859939575e-02
-4.178976118564605713e-01
1.936971396207809448e-02
-1.668287441134452820e-02
2.084044069051742554e-01
-3.464697599411010742e-01
-2.011593990027904510e-02
-1.290442794561386108e-01
-6.388957146555185318e-03
-1.035519503057003021e-02
2.563347481191158295e-02
-1.925654560327529907e-01
-5.867612361907958984e-01
1.588483750820159912e-01
-1.152968108654022217e-01
1.861700117588043213e-01
-3.211988881230354309e-02
-2.890722453594207764e-01
2.909018285572528839e-02
1.336454749107360840e-01
-5.172282829880714417e-02
-1.961503773927688599e-01
-4.139290153980255127e-01
-1.628833450376987457e-02
-2.509916126728057861e-01
2.002394795417785645e-01
-1.299201548099517822e-01
3.744189441204071045e-02
-1.772504486143589020e-02
2.702757716178894043e-01
1.780195236206054688e-01
-9.537310153245925903e-02
2.044578939676284790e-01
-3.495596349239349365e-01
4.259039163589477539e-01
2.108463495969772339e-01
-1.390402168035507202e-01
-5.215165019035339355e-02
-2.018027603626251221e-01
3.284634277224540710e-02
-1.361054331064224243e-01
-2.817141115665435791e-01
1.057282686233520508e-01
-1.200321167707443237e-01
-4.384262487292289734e-02
-1.881292313337326050e-01
1.545183267444372177e-02
-3.085238337516784668e-01
-2.988757193088531494e-01
-3.281760588288307190e-02
-4.558743536472320557e-01
-2.410157918930053711e-01
3.212121501564979553e-02
2.845278941094875336e-03
-2.600872218608856201e-01
6.881967931985855103e-02
1.463363915681838989e-01
9.343159198760986328e-02
-1.167029142379760742e-01
3.735895827412605286e-02
-4.283951520919799805e-01
-2.129395604133605957e-01
-8.239173144102096558e-02
1.607200056314468384e-01
-2.243848294019699097e-01
-2.070310413837432861e-01
4.343156814575195312e-01
2.522806227207183838e-01
-4.000001773238182068e-02
-1.183405146002769470e-01
-5.807769298553466797e-02
-2.632987201213836670e-01
-1.557698696851730347e-01
4.336724877357482910e-01
-4.069457203149795532e-02
3.202835917472839355e-01
-2.007337957620620728e-01
3.068306110799312592e-02
6.537352502346038818e-02
1.567016839981079102e-01
-2.214799821376800537e-01
1.384842488914728165e-02
2.225938886404037476e-01
-4.236395657062530518e-02
2.025044709444046021e-01
-1.182496994733810425e-01
1.671345978975296021e-01
4.106940627098083496e-01
4.129609167575836182e-01
-2.811560630798339844e-01
3.571034669876098633e-01
9.856982529163360596e-02
-2.491309791803359985e-01
-8.341405540704727173e-02
-1.619778722524642944e-01
9.452899545431137085e-02
1.747698187828063965e-01
2.169398814439773560e-01
3.546607196331024170e-01
-5.200143903493881226e-02
2.063405215740203857e-01
-2.637364864349365234e-01
2.683695852756500244e-01
6.372005492448806763e-02
-4.333595335483551025e-01
1.574076265096664429e-01
-1.723986119031906128e-01
-6.990712136030197144e-02
1.265559792518615723e-01
5.961763262748718262e-01
2.420628070831298828e-02
-6.737112253904342651e-02
-1.047511547803878784e-01
-4.199677109718322754e-01
-2.593783289194107056e-02
-1.901868879795074463e-01
3.841334879398345947e-01
-9.241759032011032104e-02
2.539956569671630859e-01
-2.319740504026412964e-02
-1.956472545862197876e-02
-1.972399502992630005e-01
1.023196056485176086e-01
-1.787216365337371826e-01
-4.600445330142974854e-01
-4.725082218647003174e-01
1.855473518371582031e-01
-2.048609256744384766e-01
3.153684139251708984e-01
1.033108904957771301e-01
-1.579512506723403931e-01
2.568390071392059326e-01
6.141138076782226562e-01
-1.998810172080993652e-01
4.910512566566467285e-01
-3.126868605613708496e-01
-5.650573223829269409e-02
2.228015810251235962e-01
-1.097356602549552917e-01
-1.775812953710556030e-01
-2.558608651161193848e-01
-1.233849525451660156e-01
2.279454916715621948e-01
-3.331064283847808838e-01
2.806085348129272461e-02
2.973371371626853943e-02
-1.353405416011810303e-02
-5.647315829992294312e-02
-1.321125030517578125e-01
1.970995664596557617e-01
-1.971556395292282104e-01
-2.539345026016235352e-01
-4.091420471668243408e-01
1.788677424192428589e-01
-4.084087014198303223e-01
-3.467937111854553223e-01
7.812736183404922485e-02
-2.015986852347850800e-02
4.698194935917854309e-02
-8.514579385519027710e-02
-2.393806129693984985e-01
5.696411058306694031e-02
2.197917997837066650e-01
-3.685640692710876465e-01
3.185210525989532471e-01
3.063187003135681152e-01
-9.359607845544815063e-02
1.442861706018447876e-01
7.390405237674713135e-02
-3.929234147071838379e-01
-2.030291408300399780e-01
7.409002631902694702e-02
4.006179049611091614e-02
-1.280898153781890869e-01
1.279913485050201416e-01
-2.996004521846771240e-01
1.735017746686935425e-01
-3.644253015518188477e-01
-5.428267270326614380e-02
-2.821801900863647461e-01
1.006434708833694458e-01
2.444046176970005035e-02
-4.066314920783042908e-02
1.550922840833663940e-01
-1.280691474676132202e-02
5.640505114570260048e-04
2.836916744709014893e-01
9.365072101354598999e-02
-1.598739065229892731e-02
1.214440353214740753e-02
-1.862674653530120850e-01
-4.064099863171577454e-02
4.307088553905487061e-01
-7.841306924819946289e-02
1.883208900690078735e-01
-2.006682753562927246e-01
-3.358785212039947510e-01
-1.790785342454910278e-01
-2.319787293672561646e-01
4.576477110385894775e-01
1.638055443763732910e-01
-2.450207024812698364e-01
-1.900871992111206055e-01
3.245444595813751221e-01
-9.350936859846115112e-02
1.198804304003715515e-01
-2.006339728832244873e-01
3.076175414025783539e-02
2.778060175478458405e-02
-1.750304698944091797e-01
-7.282283902168273926e-02
-2.869165241718292236e-01
7.317767292261123657e-02
-4.446367919445037842e-02
-2.840152978897094727e-01
1.067381799221038818e-01
-8.489197492599487305e-02
-1.992042660713195801e-01
-2.009893804788589478e-01
3.356615304946899414e-01
-2.571775205433368683e-02
-4.998438060283660889e-01
3.078925609588623047e-01
1.926295608282089233e-01
-3.209330737590789795e-01
-7.855527848005294800e-02
-1.461132764816284180e-01
-3.650383949279785156e-01
7.753212004899978638e-02
-3.387675881385803223e-01
-2.079368680715560913e-01
-4.195138514041900635e-01
-3.703460991382598877e-01
3.898528814315795898e-01
-7.243462651968002319e-02
4.060558676719665527e-01
-3.032765686511993408e-01
-3.216536641120910645e-01
2.157736867666244507e-01
-3.204193115234375000e-01
3.672873377799987793e-01
8.639021217823028564e-02
1.952744126319885254e-01
1.378551274538040161e-01
4.923690482974052429e-02
-2.395200878381729126e-01
2.833959460258483887e-01
3.232748433947563171e-02
1.932163164019584656e-02
4.038195013999938965e-01
1.307879537343978882e-01
-1.163800880312919617e-01
-5.320776998996734619e-02
2.994528114795684814e-01
3.984246775507926941e-02
-1.490406990051269531e-01
-3.100231885910034180e-01
-1.480430215597152710e-01
-2.350512892007827759e-01
3.542111515998840332e-01
6.954181194305419922e-02
-5.213925987482070923e-02
-1.362732499837875366e-01
1.627979725599288940e-01
3.245732486248016357e-01
-8.361873775720596313e-02
-6.641739606857299805e-02
-4.126892983913421631e-01
1.246004179120063782e-01
-1.150540411472320557e-01
-2.646270692348480225e-01
2.338135689496994019e-01
-2.528823316097259521e-01
1.287772506475448608e-01
6.987182796001434326e-02
1.724483817815780640e-01
9.798745810985565186e-02
5.401027202606201172e-01
2.114303261041641235e-01
-1.035921648144721985e-01
-7.382024079561233521e-02
-3.316079676151275635e-01
3.294994682073593140e-02
-1.180899888277053833e-01
7.547942548990249634e-02
-1.155485734343528748e-01
-9.607955068349838257e-02
1.855598986148834229e-01
-3.981802240014076233e-02
-2.628974914550781250e-01
-2.812967002391815186e-01
-1.901662945747375488e-01
-1.318498253822326660e-01
-2.413632124662399292e-01
-5.906922742724418640e-02
2.507537901401519775e-01
-1.406815797090530396e-01
-1.247148513793945312e-01
-9.598685801029205322e-02
-3.138227164745330811e-01
-4.778957962989807129e-01
-1.833277344703674316e-01
-2.112557590007781982e-01
-4.498500376939773560e-02
1.562486737966537476e-01
-1.418258249759674072e-01
2.172981798648834229e-01
-2.443119585514068604e-01
5.992038547992706299e-02
-5.206156149506568909e-02
9.768118709325790405e-02
-2.153435796499252319e-01
6.201124191284179688e-02
-7.403048872947692871e-02
1.800703257322311401e-01
1.534616947174072266e-01
-3.960493505001068115e-01
-4.475284516811370850e-01
2.447496503591537476e-01
1.550451219081878662e-01
8.811036497354507446e-02
-3.382250368595123291e-01
4.793478641659021378e-03
1.026611998677253723e-01
1.353295892477035522e-01
-1.828753203153610229e-01
3.527908921241760254e-01
2.328982502222061157e-01
6.442324817180633545e-02
-4.898281395435333252e-01
2.039048224687576294e-01
1.745973527431488037e-01
-1.450337618589401245e-01
7.030944228172302246e-01
-3.985441327095031738e-01
1.503532528877258301e-01
-4.835188984870910645e-01
-3.480831384658813477e-01
-8.112506568431854248e-02
2.447574585676193237e-02
4.665225371718406677e-02
-3.149130046367645264e-01
-2.435736507177352905e-01
1.050140187144279480e-01
3.964091092348098755e-02
3.183856233954429626e-02
5.027067661285400391e-02
1.633939892053604126e-01
-2.557023763656616211e-01
2.311591058969497681e-01
-2.717536389827728271e-01
4.054479673504829407e-02
-1.159069985151290894e-01
-4.080856144428253174e-01
-1.928075551986694336e-01
-1.159463077783584595e-01
-2.915972173213958740e-01
4.998704418540000916e-03
-1.482454836368560791e-01
-4.234423637390136719e-01
-3.995346128940582275e-01
1.875017434358596802e-01
-1.584194302558898926e-01
-2.205370366573333740e-01
-1.299599185585975647e-02
-1.304710060358047485e-01
3.828743994235992432e-01
2.297335565090179443e-01
2.156002670526504517e-01
-3.008848428726196289e-02
3.490975797176361084e-01
-3.093277812004089355e-01
-9.008125960826873779e-02
-5.066493898630142212e-02
-7.020140439271926880e-02
-6.476657390594482422e-01
-1.874830573797225952e-02
2.903280854225158691e-01
-1.580319851636886597e-01
-3.779247701168060303e-01
5.082765817642211914e-01
-2.175790369510650635e-01
3.845761418342590332e-01
1.239493861794471741e-01
6.277288198471069336e-01
-9.294317662715911865e-02
9.496967494487762451e-02
-2.212289124727249146e-01
1.007611975073814392e-01
-1.294020861387252808e-01
-5.889412946999073029e-03
5.071389675140380859e-01
2.468420937657356262e-02
1.020729765295982361e-01
6.552559882402420044e-02
1.551078110933303833e-01
3.149621933698654175e-02
-2.436805516481399536e-01
-5.098505616188049316e-01
1.953973472118377686e-01
-2.155549637973308563e-02
3.795726895332336426e-01
-2.651022672653198242e-01
-1.137163415551185608e-01
9.262317791581153870e-03
1.002229601144790649e-01
4.071895182132720947e-01
1.095076128840446472e-01
2.454790771007537842e-01
-3.162584602832794189e-01
6.746856123208999634e-02
3.167479112744331360e-02
1.249182447791099548e-01
-1.460146903991699219e-01
-3.420796617865562439e-02
-4.907425493001937866e-02
1.513622794300317764e-02
-1.266318559646606445e-01
4.985089302062988281e-01
-1.421744748950004578e-02
3.212951719760894775e-01
-4.707747697830200195e-01
1.735492236912250519e-02
-3.450289964675903320e-01
-1.367798894643783569e-01
-7.859297841787338257e-02
-1.649567931890487671e-01
-3.915030360221862793e-01
-1.843078285455703735e-01
-4.117017388343811035e-01
1.296961456537246704e-01
-5.732324719429016113e-02
2.100080698728561401e-01
-1.231156513094902039e-01
4.445596933364868164e-01
4.282081127166748047e-02
-2.897732257843017578e-01
-3.915949910879135132e-02
-4.563607275485992432e-01
1.687252670526504517e-01
1.723689958453178406e-02
-1.764276772737503052e-01
-1.298763602972030640e-01
-3.212664425373077393e-01
-4.103124737739562988e-01
-7.694946229457855225e-02
-5.418421700596809387e-02
1.554962545633316040e-01
-2.544326186180114746e-01
-1.888367235660552979e-01
-6.749039143323898315e-02
-1.926382482051849365e-01
6.568447351455688477e-01
1.939673423767089844e-01
-2.350753843784332275e-01
5.027050524950027466e-02
4.633945524692535400e-01
-4.244177043437957764e-01
-4.326545819640159607e-02
