3.607095479965209961e+00
2.277358531951904297e+00
2.563353061676025391e+00
1.640042424201965332e+00
8.728829622268676758e-01
2.752177000045776367e+00
3.123041152954101562e+00
7.265908718109130859e-01
2.090876340866088867e+00
2.517915487289428711e+00
4.398025512695312500e+00
2.986302375793457031e+00
1.579783439636230469e+00
2.029173612594604492e+00
3.119422912597656250e+00
3.448297023773193359e+00
5.379119873046875000e+00
9.294674396514892578e-01
1.176291108131408691e+00
1.452808737754821777e+00
1.516787052154541016e+00
3.237536191940307617e+00
1.889298558235168457e+00
3.623961925506591797e+00
5.746199607849121094e+00
1.517555713653564453e+00
3.621224403381347656e+00
8.589999675750732422e-01
2.883257627487182617e+00
6.605603098869323730e-01
4.687027454376220703e+00
3.797283172607421875e+00
3.316969633102416992e+00
1.437066435813903809e+00
1.687241673469543457e+00
1.837829113006591797e+00
2.072866916656494141e+00
2.563755273818969727e+00
1.209154486656188965e+00
1.194822907447814941e+00
1.613973259925842285e+00
4.551398754119873047e+00
4.421015262603759766e+00
2.998025894165039062e+00
6.317955493927001953e+00
1.930453300476074219e+00
9.836753606796264648e-01
1.463410615921020508e+00
3.119850158691406250e+00
2.608645915985107422e+00
2.623608827590942383e+00
2.102221727371215820e+00
2.027498960494995117e+00
3.411087036132812500e+00
6.155902743339538574e-01
2.317538976669311523e+00
7.325557470321655273e-01
1.658171296119689941e+00
4.114669322967529297e+00
3.408226490020751953e+00
1.811372399330139160e+00
7.545205950736999512e-01
2.343934535980224609e+00
3.834565639495849609e+00
