9.470372796058654785e-01
9.167206287384033203e-01
1.030613183975219727e+00
1.042355060577392578e+00
9.332152009010314941e-01
1.142051577568054199e+00
1.051763057708740234e+00
9.090406298637390137e-01
1.000300645828247070e+00
1.116646289825439453e+00
1.112206220626831055e+00
1.062829136848449707e+00
9.513841271400451660e-01
9.441778659820556641e-01
9.348824024200439453e-01
9.236888289451599121e-01
1.010541439056396484e+00
1.005670785903930664e+00
1.031983137130737305e+00
1.037915110588073730e+00
8.951004147529602051e-01
1.102772593498229980e+00
9.749908447265625000e-01
1.061565279960632324e+00
1.083140730857849121e+00
9.876056909561157227e-01
1.005381584167480469e+00
9.509089589118957520e-01
1.005187988281250000e+00
9.571248888969421387e-01
9.639286398887634277e-01
1.041602134704589844e+00
9.279539585113525391e-01
8.842923045158386230e-01
1.108174562454223633e+00
1.001550793647766113e+00
1.062176704406738281e+00
9.170541167259216309e-01
9.948756098747253418e-01
1.057864189147949219e+00
1.014958977699279785e+00
1.070211768150329590e+00
1.043278217315673828e+00
9.512100219726562500e-01
1.024172544479370117e+00
1.095334649085998535e+00
9.159776568412780762e-01
9.398084282875061035e-01
1.125211834907531738e+00
9.480877518653869629e-01
1.117233157157897949e+00
9.545116424560546875e-01
9.594072699546813965e-01
1.058606743812561035e+00
9.600686430931091309e-01
9.768351316452026367e-01
9.358335733413696289e-01
8.262709975242614746e-01
1.076020002365112305e+00
9.684031605720520020e-01
9.602054357528686523e-01
8.940719366073608398e-01
9.274118542671203613e-01
1.009615421295166016e+00
