3.408424615859985352e+00
4.931920528411865234e+00
2.037178754806518555e+00
1.959722638130187988e+00
2.184583187103271484e+00
2.977708578109741211e+00
1.856459140777587891e+00
4.347573280334472656e+00
3.284781694412231445e+00
3.172324657440185547e+00
2.808066606521606445e+00
2.768903970718383789e+00
2.913425922393798828e+00
2.654247760772705078e+00
3.123901128768920898e+00
2.355749368667602539e+00
5.232960700988769531e+00
5.125322818756103516e+00
3.516228199005126953e+00
3.025794029235839844e+00
2.857789993286132812e+00
2.151204586029052734e+00
4.349946498870849609e+00
2.414375782012939453e+00
1.615576148033142090e+00
3.217345714569091797e+00
3.259615898132324219e+00
2.433431386947631836e+00
2.044267177581787109e+00
2.666855335235595703e+00
4.553016185760498047e+00
4.004368782043457031e+00
3.962571620941162109e+00
4.638851165771484375e+00
2.747220277786254883e+00
2.796833515167236328e+00
2.574949026107788086e+00
4.722696781158447266e+00
2.229581594467163086e+00
2.661714792251586914e+00
2.797853946685791016e+00
3.589637279510498047e+00
1.233509421348571777e+00
5.390660762786865234e+00
4.218893527984619141e+00
2.525620698928833008e+00
2.867987871170043945e+00
4.393497943878173828e+00
1.905649662017822266e+00
4.300670146942138672e+00
1.146269559860229492e+00
4.549840927124023438e+00
3.811164379119873047e+00
1.745673656463623047e+00
1.340919733047485352e+00
3.022569894790649414e+00
2.793427705764770508e+00
3.102714776992797852e+00
4.589710712432861328e+00
3.310944557189941406e+00
5.285125255584716797e+00
2.474949598312377930e+00
2.721113920211791992e+00
1.709469437599182129e+00
3.392697334289550781e+00
2.754969358444213867e+00
4.067051410675048828e+00
3.296967267990112305e+00
3.649034738540649414e+00
2.897970199584960938e+00
4.032479286193847656e+00
2.459042787551879883e+00
2.070511579513549805e+00
5.400420665740966797e+00
2.163685083389282227e+00
9.389880299568176270e-01
2.926891803741455078e+00
5.005330085754394531e+00
4.714990139007568359e+00
2.495633840560913086e+00
2.338022708892822266e+00
2.295747756958007812e+00
4.751302719116210938e+00
2.831098318099975586e+00
2.527148246765136719e+00
2.554577112197875977e+00
2.755080938339233398e+00
2.619042634963989258e+00
3.660297393798828125e+00
1.676317214965820312e+00
3.644672632217407227e+00
3.592642545700073242e+00
3.779529094696044922e+00
1.887837886810302734e+00
3.988760471343994141e+00
3.009179592132568359e+00
3.028288841247558594e+00
1.531665921211242676e+00
6.883690357208251953e+00
1.232391238212585449e+00
3.019976615905761719e+00
6.224991321563720703e+00
2.156789302825927734e+00
2.965393543243408203e+00
5.226665019989013672e+00
3.440746068954467773e+00
1.782919883728027344e+00
3.177662849426269531e+00
3.063697814941406250e+00
3.317475557327270508e+00
2.567924737930297852e+00
3.085069656372070312e+00
2.310756444931030273e+00
1.955714225769042969e+00
1.755200982093811035e+00
4.311261653900146484e+00
3.494441032409667969e+00
5.098395347595214844e+00
4.806444168090820312e+00
1.677646994590759277e+00
3.363157987594604492e+00
3.862528562545776367e+00
2.915600061416625977e+00
3.105285406112670898e+00
4.402156829833984375e+00
2.462372064590454102e+00
2.817135810852050781e+00
1.872959733009338379e+00
