2.040703147649765015e-01
1.739339828491210938e-01
2.715670168399810791e-01
3.010267019271850586e-01
4.497685730457305908e-01
3.963776826858520508e-01
5.080677866935729980e-01
1.427005380392074585e-01
3.162059783935546875e-01
7.655535340309143066e-01
4.867170453071594238e-01
2.715440690517425537e-01
2.646212279796600342e-01
3.436112999916076660e-01
4.851827919483184814e-01
3.175804615020751953e-01
2.788094878196716309e-01
2.523447275161743164e-01
3.134070336818695068e-01
4.270081222057342529e-01
2.405115962028503418e-01
3.088809549808502197e-01
5.809134840965270996e-01
6.179044842720031738e-01
2.444601356983184814e-01
6.326670050621032715e-01
2.836620211601257324e-01
4.688467383384704590e-01
2.672349214553833008e-01
2.723205387592315674e-01
8.119754791259765625e-01
7.893984913825988770e-01
3.974442780017852783e-01
3.191846907138824463e-01
5.172871947288513184e-01
3.578794896602630615e-01
4.055317938327789307e-01
4.742249250411987305e-01
3.192136287689208984e-01
2.358391880989074707e-01
4.693741500377655029e-01
5.939930677413940430e-01
2.694531679153442383e-01
1.793735176324844360e-01
3.592954874038696289e-01
4.722648262977600098e-01
3.302170932292938232e-01
6.091426014900207520e-01
3.060647845268249512e-01
5.326514244079589844e-01
3.608303964138031006e-01
4.315701127052307129e-01
5.077230334281921387e-01
1.025974079966545105e-01
3.800930082798004150e-01
6.520740389823913574e-01
6.766300201416015625e-01
3.086695373058319092e-01
2.873093485832214355e-01
4.544517099857330322e-01
1.252290755510330200e-01
3.710304796695709229e-01
5.329551100730895996e-01
6.553745865821838379e-01
