1.222328901290893555e+00
2.348161458969116211e+00
1.686513543128967285e+00
1.305800318717956543e+00
6.395588517189025879e-01
1.334606409072875977e+00
8.444429039955139160e-01
3.090853095054626465e-01
1.378691315650939941e+00
8.153910636901855469e-01
1.205977320671081543e+00
8.416243791580200195e-01
5.643238425254821777e-01
9.051966667175292969e-01
8.552300930023193359e-01
7.875658273696899414e-01
1.161475896835327148e+00
9.037308692932128906e-01
7.055645585060119629e-01
1.398521065711975098e+00
7.581581473350524902e-01
1.399239420890808105e+00
1.652939438819885254e+00
1.288167238235473633e+00
9.599460959434509277e-01
7.835584282875061035e-01
9.724038839340209961e-01
9.252555966377258301e-01
1.063299655914306641e+00
2.728805780410766602e+00
9.502988457679748535e-01
6.009197831153869629e-01
1.549702882766723633e+00
6.766307353973388672e-01
3.942345678806304932e-01
9.240638017654418945e-01
8.152878284454345703e-01
9.059098362922668457e-01
1.383257746696472168e+00
2.294111728668212891e+00
1.507865786552429199e+00
1.608975052833557129e+00
1.276070237159729004e+00
1.022466540336608887e+00
8.535910844802856445e-01
1.862706065177917480e+00
1.244717478752136230e+00
1.336199760437011719e+00
5.918917059898376465e-01
1.672360777854919434e+00
8.770729899406433105e-01
8.699008822441101074e-01
1.428057909011840820e+00
1.925014615058898926e+00
6.413013935089111328e-01
1.456183433532714844e+00
9.404724240303039551e-01
1.616034150123596191e+00
1.154705524444580078e+00
8.115013837814331055e-01
1.074111819267272949e+00
1.667290925979614258e+00
8.647709488868713379e-01
1.168807506561279297e+00
4.448108077049255371e-01
1.442338824272155762e+00
1.401024699211120605e+00
8.417347669601440430e-01
1.564959406852722168e+00
8.283603787422180176e-01
1.148937821388244629e+00
1.079985499382019043e+00
2.128417253494262695e+00
5.867838263511657715e-01
1.174453735351562500e+00
9.874780178070068359e-01
7.880122065544128418e-01
1.647489070892333984e+00
1.005843639373779297e+00
1.353799939155578613e+00
7.668455839157104492e-01
5.025851726531982422e-01
1.146477222442626953e+00
6.031599044799804688e-01
1.053947567939758301e+00
6.634963750839233398e-01
1.397302865982055664e+00
7.810317277908325195e-01
9.242960810661315918e-01
8.062244653701782227e-01
1.140068531036376953e+00
1.418228149414062500e+00
1.480541229248046875e+00
1.278101563453674316e+00
7.661328911781311035e-01
1.171188831329345703e+00
7.456480860710144043e-01
1.596215486526489258e+00
1.214910745620727539e+00
1.382376670837402344e+00
5.590732097625732422e-01
9.447586536407470703e-01
1.325295925140380859e+00
1.112680196762084961e+00
8.037111759185791016e-01
1.109007716178894043e+00
9.465956091880798340e-01
1.114940881729125977e+00
1.739950299263000488e+00
1.722771644592285156e+00
7.489572167396545410e-01
1.741794943809509277e+00
9.672022461891174316e-01
1.778122067451477051e+00
1.115156054496765137e+00
7.084050178527832031e-01
1.134994506835937500e+00
1.233220934867858887e+00
1.097464799880981445e+00
1.149343729019165039e+00
1.135047793388366699e+00
1.230239987373352051e+00
4.522567391395568848e-01
9.991505742073059082e-01
1.504155039787292480e+00
1.239887595176696777e+00
1.021199107170104980e+00
6.512933969497680664e-01
