-2.907712943851947784e-03
-1.571862399578094482e-02
-4.624141845852136612e-03
-5.273940041661262512e-02
-2.010439895093441010e-02
-4.627790302038192749e-03
8.624163456261157990e-03
-1.264017261564731598e-02
-1.853061653673648834e-02
-1.165092643350362778e-02
-1.349981129169464111e-02
-2.860911376774311066e-02
-2.691618725657463074e-02
1.793415285646915436e-02
-1.501953881233930588e-02
-5.128154158592224121e-02
-2.163049392402172089e-02
-9.439554996788501740e-03
6.948146037757396698e-03
-9.375264868140220642e-03
-1.961407810449600220e-02
-1.499488018453121185e-02
-1.990650407969951630e-02
-1.815599761903285980e-02
-1.020647119730710983e-02
-2.781612798571586609e-02
-2.971872314810752869e-02
-2.736553177237510681e-02
-2.972450107336044312e-02
-1.651027239859104156e-02
1.208512810990214348e-03
-1.825764402747154236e-02
6.484866607934236526e-03
-1.441049575805664062e-02
-1.139812264591455460e-02
-6.155714392662048340e-03
-1.904069259762763977e-02
-4.587109386920928955e-02
-1.607037521898746490e-02
-4.697385430335998535e-02
-6.527877878397703171e-03
9.304872364737093449e-04
-3.028293140232563019e-02
-3.376849927008152008e-03
-4.515729844570159912e-02
-1.115722488611936569e-02
1.506701373727992177e-04
-8.163129910826683044e-03
-2.020619437098503113e-02
-2.501589991152286530e-02
-2.826544642448425293e-02
-2.103886008262634277e-02
-2.052686735987663269e-02
-7.901492528617382050e-03
-3.093087859451770782e-02
-1.656766608357429504e-02
-1.226541306823492050e-02
-1.916569285094738007e-02
-3.977692127227783203e-02
-3.520315885543823242e-02
-7.345678168348968029e-04
-7.143456954509019852e-03
-3.642247617244720459e-02
-2.864862326532602310e-03
-1.191189792007207870e-02
-1.071853097528219223e-02
-2.089663781225681305e-02
-1.648117415606975555e-02
-3.276652470231056213e-02
-1.464078854769468307e-02
2.121016616001725197e-03
-1.258449256420135498e-02
3.066601930186152458e-03
-1.004904881119728088e-02
4.904464818537235260e-03
-3.555636852979660034e-02
1.288376934826374054e-02
-1.455823332071304321e-02
-3.347799880430102348e-03
3.624612931162118912e-03
7.705216761678457260e-03
2.127647772431373596e-02
2.864219993352890015e-02
-2.871685102581977844e-02
-1.174272131174802780e-02
8.671349845826625824e-03
-5.069448146969079971e-03
-6.899415981024503708e-03
1.822080463171005249e-02
-4.400165285915136337e-03
-2.148473635315895081e-02
-1.893814466893672943e-02
-3.828697139397263527e-03
1.265041157603263855e-02
-2.290392108261585236e-02
-6.332322210073471069e-02
-7.065190933644771576e-03
-6.604163441807031631e-03
-2.248847857117652893e-02
-6.646161433309316635e-03
-4.395757801830768585e-03
-2.490410953760147095e-02
4.515348002314567566e-03
4.292547528166323900e-04
-1.206596009433269501e-02
-2.302331104874610901e-02
-6.021871231496334076e-03
2.311415039002895355e-02
4.574611317366361618e-03
-2.627568133175373077e-02
-1.070060115307569504e-02
-4.317952692508697510e-02
-2.112059853971004486e-02
-4.811083152890205383e-02
-2.108713425695896149e-02
-2.138358168303966522e-02
1.255271770060062408e-02
-2.967696264386177063e-02
1.011988427489995956e-02
-2.005150914192199707e-02
-1.923517324030399323e-02
-2.093287371098995209e-02
-1.761532761156558990e-02
-3.377569839358329773e-02
-1.813784055411815643e-02
-2.454275032505393028e-03
3.599049290642142296e-03
-8.998716250061988831e-03
7.819828460924327374e-04
-2.131119929254055023e-02
-3.220405429601669312e-02
-2.128563076257705688e-02
-9.960872121155261993e-03
-1.626467704772949219e-02
-8.037743158638477325e-03
-1.021931599825620651e-02
-2.715209685266017914e-02
-1.417234633117914200e-02
7.430206052958965302e-03
1.395771279931068420e-03
-3.707665018737316132e-03
-6.813250482082366943e-03
-3.183880075812339783e-02
-2.802011556923389435e-02
-3.398893401026725769e-02
-2.710072323679924011e-02
-2.257431857287883759e-02
-9.773908182978630066e-03
-8.068539202213287354e-03
1.253710407763719559e-02
-4.367286805063486099e-03
-5.408968310803174973e-03
-1.967032253742218018e-02
-1.245385687798261642e-02
-3.617664799094200134e-03
-1.440454181283712387e-02
-2.265670895576477051e-02
-1.903990283608436584e-02
1.407631020992994308e-02
-1.764860562980175018e-02
-2.889272943139076233e-02
-9.595572948455810547e-03
-1.927114644786342978e-04
-6.635108962655067444e-03
-1.488838158547878265e-02
-1.673402264714241028e-02
-3.006754443049430847e-02
-1.378042344003915787e-02
-1.145119685679674149e-02
1.750433258712291718e-02
-1.062654331326484680e-02
-4.231064021587371826e-02
1.080471836030483246e-02
4.639601334929466248e-03
-1.649931445717811584e-02
-2.579595427960157394e-03
-8.128973655402660370e-03
4.561747983098030090e-02
-3.279674798250198364e-02
-1.594906114041805267e-02
-1.212157867848873138e-02
-1.815559342503547668e-02
-2.860319986939430237e-02
-4.718095809221267700e-02
-2.324503473937511444e-02
-2.813610620796680450e-02
-1.835529506206512451e-02
-1.044750120490789413e-02
-1.642980985343456268e-02
-2.827971987426280975e-02
3.250842913985252380e-03
-1.145134214311838150e-02
7.588458247482776642e-03
-1.501563098281621933e-02
-7.682810537517070770e-03
-1.430961675941944122e-02
-2.285872399806976318e-02
2.121256664395332336e-02
5.618188064545392990e-03
-7.676689326763153076e-02
-2.190989442169666290e-02
-7.623635698109865189e-03
-1.663565053604543209e-03
-2.000716887414455414e-02
-2.349261194467544556e-02
5.961194634437561035e-03
3.379053669050335884e-03
-1.258167624473571777e-02
-1.623549382202327251e-03
-3.155840188264846802e-02
-2.850176580250263214e-02
-6.022743880748748779e-03
3.139179199934005737e-02
-1.056797709316015244e-02
-8.122234605252742767e-03
8.433389477431774139e-03
-2.893834561109542847e-02
-4.079611226916313171e-02
-1.115400809794664383e-02
-2.146966755390167236e-02
-2.244496904313564301e-02
1.155434828251600266e-02
-2.839242573827505112e-03
-7.594146765768527985e-03
-1.002204883843660355e-02
4.359470680356025696e-03
-2.657342702150344849e-02
-1.006623357534408569e-02
-2.534938044846057892e-02
-2.170250663766637444e-04
-4.549454897642135620e-03
-2.801978588104248047e-02
-3.230864880606532097e-03
-7.809676229953765869e-03
-2.324907295405864716e-02
1.613957062363624573e-02
2.203011512756347656e-02
-3.259098157286643982e-02
-1.602133549749851227e-02
-2.189583890140056610e-02
6.745490827597677708e-04
-7.317765615880489349e-03
3.623328404501080513e-03
-2.331343479454517365e-02
-3.193166479468345642e-02
-1.475637871772050858e-02
-1.471913605928421021e-02
-2.364227082580327988e-03
4.781905561685562134e-03
-1.808861270546913147e-02
-1.137044746428728104e-02
-4.280364140868186951e-02
5.484283901751041412e-03
-1.409227959811687469e-02
-2.041966654360294342e-02
-1.815962232649326324e-02
-6.414647214114665985e-04
-9.254403994418680668e-04
-1.835891976952552795e-02
-2.913945168256759644e-02
-1.403700467199087143e-02
2.021386101841926575e-02
2.178061986342072487e-03
-2.971050143241882324e-02
-4.189313575625419617e-02
1.475621946156024933e-03
-4.649427253752946854e-03
7.087771664373576641e-04
-3.603267297148704529e-02
-2.046800777316093445e-02
-1.904100179672241211e-02
-9.125009179115295410e-03
1.413704082369804382e-02
-1.791859231889247894e-02
1.351605635136365891e-02
1.883638277649879456e-02
5.340674426406621933e-03
-1.951754465699195862e-02
-5.191747471690177917e-02
-2.936686202883720398e-02
6.840724498033523560e-03
-2.736956998705863953e-02
-9.460286237299442291e-03
-1.301781833171844482e-02
-2.867828356102108955e-03
-9.554027579724788666e-03
-7.524488028138875961e-03
6.895906291902065277e-03
1.473498647101223469e-03
-2.732518501579761505e-02
-5.497651640325784683e-03
-2.300042286515235901e-02
-1.198473758995532990e-02
-4.273281991481781006e-02
-1.104479096829891205e-02
-3.254663944244384766e-02
-7.681283168494701385e-04
1.015222910791635513e-02
-1.779109984636306763e-02
-1.657542213797569275e-02
-2.307195961475372314e-02
-7.318679708987474442e-03
-1.700378954410552979e-02
-3.471781685948371887e-02
-1.522580347955226898e-02
-8.895031176507472992e-03
-2.129306457936763763e-02
-1.306218840181827545e-02
-1.100129541009664536e-02
-3.626812482252717018e-03
-1.108432002365589142e-02
-2.780364640057086945e-02
6.538621149957180023e-03
-2.017917297780513763e-02
2.940937876701354980e-03
-4.925975576043128967e-03
2.804474160075187683e-02
-2.405595034360885620e-02
-1.867019198834896088e-02
-1.734822988510131836e-02
-5.884452722966670990e-03
-3.805993497371673584e-02
-1.702355779707431793e-02
-2.229307033121585846e-02
-7.172948215156793594e-03
1.286440994590520859e-02
1.113885547965764999e-02
-4.380765184760093689e-02
8.888103999197483063e-03
-1.624612137675285339e-02
-1.263984758406877518e-02
-9.217060171067714691e-03
-5.050717387348413467e-03
-1.379677839577198029e-02
-9.372600354254245758e-03
-1.960508711636066437e-02
3.030594997107982635e-02
-2.301920205354690552e-02
-1.060971058905124664e-02
-8.902342990040779114e-03
-3.939671441912651062e-02
-1.570754498243331909e-02
-1.717801764607429504e-02
-3.300322219729423523e-02
-1.671186834573745728e-02
-3.459089249372482300e-02
-1.698471419513225555e-02
-3.274843469262123108e-02
-1.920340768992900848e-02
-2.318953350186347961e-02
-4.136647284030914307e-02
-6.243746727705001831e-03
1.616676524281501770e-02
5.625489726662635803e-02
-2.439192123711109161e-02
-1.019053347408771515e-02
-1.124208699911832809e-02
-2.504250034689903259e-02
-1.080117188394069672e-03
-2.422774955630302429e-02
-2.201100997626781464e-02
-1.843560673296451569e-02
-2.037678472697734833e-02
-1.770266517996788025e-02
-7.505109533667564392e-03
1.703567616641521454e-02
-1.175792608410120010e-02
-2.519083768129348755e-02
-2.956845425069332123e-02
-2.618492208421230316e-02
-4.071185365319252014e-02
-5.596139002591371536e-03
-5.218704417347908020e-02
-2.763491310179233551e-02
-1.487468741834163666e-02
2.537940442562103271e-02
-1.495994254946708679e-02
-2.141860127449035645e-02
-2.856129966676235199e-02
-4.333257675170898438e-02
-1.938480511307716370e-02
-6.138965021818876266e-03
-2.256027981638908386e-02
2.887970069423317909e-03
-1.141542661935091019e-02
-6.813010666519403458e-03
-2.168420329689979553e-02
3.371937200427055359e-03
-2.284412831068038940e-02
-2.057335898280143738e-02
-1.316470466554164886e-02
-3.689564066007733345e-03
-1.595237292349338531e-02
-2.714500762522220612e-02
-3.163586929440498352e-02
-1.913210726343095303e-03
-1.984571665525436401e-02
-1.334627997130155563e-02
-1.254967786371707916e-02
-1.156335044652223587e-02
-1.840423420071601868e-02
-2.754250774160027504e-03
-1.573069579899311066e-02
-1.131345424801111221e-02
-8.941235952079296112e-03
-8.237134665250778198e-03
-1.160842459648847580e-02
2.624537609517574310e-02
-4.134233668446540833e-02
-5.646107252687215805e-03
-2.721809223294258118e-02
-2.677432075142860413e-02
7.524479879066348076e-04
-6.294880062341690063e-03
-1.218751724809408188e-02
-6.579481996595859528e-03
-2.024223096668720245e-02
-1.782763563096523285e-02
-2.703729644417762756e-02
-2.415375038981437683e-02
1.984903588891029358e-02
-2.904927358031272888e-03
-3.133901953697204590e-02
-4.406337067484855652e-02
-2.611456252634525299e-02
-1.491758879274129868e-02
-1.153568830341100693e-02
2.555117011070251465e-02
1.294291857630014420e-02
-5.621278658509254456e-03
-3.233431139960885048e-03
-1.035051513463258743e-02
-1.124256197363138199e-02
-2.151370747014880180e-03
-2.591108344495296478e-02
-1.271209679543972015e-02
-3.041716665029525757e-02
1.840683817863464355e-02
-2.427750732749700546e-03
1.497134007513523102e-02
1.791636692360043526e-03
-2.321978099644184113e-02
-1.854503899812698364e-02
-2.442076802253723145e-02
3.480552509427070618e-02
-2.090816199779510498e-02
-2.121839672327041626e-03
-4.120481014251708984e-02
-7.280522957444190979e-03
-2.369085140526294708e-02
-2.704225853085517883e-02
-2.042604982852935791e-02
-2.869120426476001740e-02
-1.500339061021804810e-02
-1.071698032319545746e-02
-1.641551777720451355e-02
-7.572290487587451935e-03
-8.273815736174583435e-03
-2.139069885015487671e-02
-8.767090737819671631e-03
-1.008563674986362457e-02
1.638507936149835587e-03
-1.656280271708965302e-02
-6.423298735171556473e-03
-1.477582287043333054e-02
-1.570541597902774811e-02
-2.584428340196609497e-02
1.184931490570306778e-02
-1.764481328427791595e-02
-1.078415568917989731e-02
1.421583816409111023e-02
-1.720297709107398987e-02
-1.148800924420356750e-02
-1.019420288503170013e-02
2.144513651728630066e-02
-3.729627653956413269e-02
-2.799957431852817535e-02
-7.523911539465188980e-03
9.854741394519805908e-03
-3.212738409638404846e-02
-1.108509954065084457e-02
3.486523637548089027e-03
-4.111578688025474548e-02
-5.669996608048677444e-03
9.026590734720230103e-03
-1.970078423619270325e-02
-2.095540612936019897e-02
-1.374994870275259018e-02
-3.565720841288566589e-02
-1.601782254874706268e-02
1.035967608913779259e-03
1.833577081561088562e-02
-1.496485434472560883e-02
-1.487541664391756058e-02
-2.011260949075222015e-02
-4.422539845108985901e-03
-1.109731942415237427e-02
1.171393971890211105e-02
-7.588422857224941254e-03
-3.121076710522174835e-02
-1.097833365201950073e-02
1.525135897099971771e-02
-1.505733933299779892e-02
-6.070265080779790878e-03
4.777561407536268234e-03
-7.068809587508440018e-03
-2.018072456121444702e-02
1.305232010781764984e-02
2.166652679443359375e-02
-3.576110675930976868e-02
-2.998833917081356049e-02
-2.951897867023944855e-02
