1.000135779380798340e+00
1.005014419555664062e+00
9.862632155418395996e-01
1.028975367546081543e+00
1.013423085212707520e+00
1.002624034881591797e+00
9.985086321830749512e-01
1.013141870498657227e+00
9.836501479148864746e-01
9.971984624862670898e-01
9.859778881072998047e-01
1.002274632453918457e+00
9.229704141616821289e-01
1.037478566169738770e+00
9.780555963516235352e-01
9.964250922203063965e-01
9.546526074409484863e-01
1.005295991897583008e+00
9.855403304100036621e-01
9.912366271018981934e-01
1.002662062644958496e+00
1.064180970191955566e+00
9.795681834220886230e-01
9.940434694290161133e-01
1.017522096633911133e+00
9.723120331764221191e-01
1.023010611534118652e+00
9.863796234130859375e-01
1.010257005691528320e+00
9.987265467643737793e-01
1.012365579605102539e+00
9.666657447814941406e-01
1.023598670959472656e+00
1.006765246391296387e+00
1.030586004257202148e+00
9.935275912284851074e-01
9.884645342826843262e-01
9.682892560958862305e-01
9.697645306587219238e-01
1.048468470573425293e+00
1.011460900306701660e+00
1.011429309844970703e+00
1.015283107757568359e+00
1.021709203720092773e+00
1.006504774093627930e+00
1.053595542907714844e+00
9.910984039306640625e-01
9.760319590568542480e-01
9.840434193611145020e-01
9.920821785926818848e-01
9.815263748168945312e-01
1.000842452049255371e+00
9.863874316215515137e-01
9.976883530616760254e-01
9.605531096458435059e-01
9.823740124702453613e-01
9.896021485328674316e-01
1.029964089393615723e+00
1.058007836341857910e+00
9.996616840362548828e-01
1.032644271850585938e+00
1.000318050384521484e+00
9.992620944976806641e-01
9.760215282440185547e-01
