3.137139428872615099e-04
9.050407679751515388e-04
1.263784070033580065e-04
-9.924360347213223577e-05
3.150792908854782581e-04
-5.648926162393763661e-05
-1.136742284870706499e-04
-1.004022487904876471e-04
-2.228687080787494779e-04
1.586834405316039920e-04
1.390673918649554253e-03
-3.403706068638712168e-05
3.660737268873504036e-10
2.449538151267915964e-04
-2.602455788291990757e-04
-2.825747136281364646e-10
1.405214570695534348e-04
-1.094895354936120668e-10
3.574111498892307281e-03
5.710294863092713058e-05
1.466227462515234947e-03
9.006352047435939312e-05
-8.370708015625893950e-10
4.906365314027993918e-10
4.261079011484980583e-04
4.043521585117559880e-06
-4.481749783735722303e-05
-2.972600486828014255e-05
5.674830390489660203e-06
1.453037343224217182e-11
2.823071776347774176e-10
-4.287373667466454208e-05
-2.353932068217545748e-04
-3.455851583566982299e-06
-4.283186353859491646e-05
3.839013970718951896e-06
2.167452839785255492e-05
-7.467383693438023329e-05
1.660656744206789881e-05
-4.831022233702242374e-04
-9.448587547922215890e-07
2.077655371977016330e-04
-5.902038174099288881e-05
3.609188934206031263e-05
-2.349432315362776080e-10
-2.410187589703127742e-04
3.207120926163042895e-06
4.229978003422729671e-05
-6.376751904291211304e-10
1.776159297151025385e-05
1.695863174973055720e-04
-2.579508828759458083e-10
4.689719935413450003e-05
1.128249641624279320e-04
-4.968338771504932083e-07
-6.534304208827279581e-10
-1.547945657875970937e-06
-3.025199248440912925e-06
2.318385850230697542e-05
-3.395555540919303894e-05
4.324521069065667689e-05
7.084667297263536057e-10
-3.482841202639974654e-05
4.676596332409133083e-10
-1.216415853377839085e-06
3.195587487425655127e-04
-1.341812312602996826e-04
-6.998040475991729181e-07
7.519278733525425196e-05
1.464106026105582714e-05
-1.184935621845184528e-10
3.804098425153057406e-10
-1.994763624679762870e-05
-8.129435627779457718e-06
-1.990451710298657417e-05
1.094244187697768211e-03
-2.750043222476961091e-06
-1.250517243533977307e-06
1.486542023485526443e-04
3.873097884934395552e-04
-3.098493325524032116e-04
-1.892035506898537278e-04
-1.354324103886028752e-05
-1.051544444635510445e-03
-1.331087059952551499e-05
7.076259023186537434e-10
1.089354009309317917e-05
5.695269283023662865e-05
-8.782135435536631007e-11
3.514478448778390884e-04
9.579655957381305598e-10
-1.531081034045200795e-05
1.369367819279432297e-03
-1.273997781936486717e-06
6.536100408993661404e-04
-8.374599019589368254e-06
5.428532676887698472e-05
-5.839306977577507496e-04
1.046036413754336536e-04
-1.947451892192475498e-06
-6.065324487281031907e-05
1.493112439243660106e-10
-9.497611899860203266e-04
2.383208047831431031e-04
8.501647164038672599e-10
6.576454936180198274e-10
6.135146835006821675e-10
6.302230959320809234e-10
1.028960468829609454e-04
1.107523101381957531e-03
4.155194619670510292e-05
4.680437704074336125e-10
-1.864368459791876376e-05
-8.021965186344459653e-05
-6.102729239501059055e-04
-7.798295118845999241e-04
-7.567950524389743805e-04
-1.260485078091733158e-06
1.246340107172727585e-04
3.111933256150223315e-05
1.022994183585979044e-05
4.325711733255133140e-10
9.243125015379050069e-11
4.489480176506077669e-10
-5.390111473388969898e-04
-2.915588881435837720e-10
5.382729068514890969e-05
-1.420120242983102798e-04
1.419256113877054304e-05
1.562635443406179547e-04
1.292691304115578532e-04
1.664638693910092115e-05
-3.952064726036041975e-04
3.404503804631531239e-04
4.269193741492927074e-04
-7.586736319353803992e-05
9.395111555932089686e-05
1.176512683741748333e-03
-5.598896901659600189e-10
-1.382873954236529812e-10
4.291958975954912603e-05
1.422149507561698556e-04
-4.838212917093187571e-04
1.354537525912746787e-04
3.930091679649194703e-06
1.280986844376386102e-10
1.241197977730479352e-10
2.983256419675228699e-10
-5.566684194491244853e-05
6.532608531415462494e-04
1.842808887886349112e-05
-2.606969501384170940e-11
2.122819569194689393e-05
4.164409983786754310e-05
-1.762825013429392129e-05
2.169184881495311856e-04
-3.810941284765334558e-10
-4.028899274999275804e-05
1.923588094365769052e-10
3.012941840463412291e-10
1.647561584832146764e-04
-2.170877269236370921e-05
6.721821264363825321e-04
-3.616744652390480042e-05
1.792212860891595483e-04
-2.217550900240894407e-06
1.565708225825801492e-05
7.295435061678290367e-04
-6.457605923060327768e-05
2.109325032506603748e-05
2.211291342973709106e-03
-1.062343872035853565e-04
6.910802485826650354e-10
4.372050170786678791e-06
1.671955760684795678e-05
-7.625446887686848640e-04
8.565620373701676726e-05
-9.102489275392144918e-05
-6.279803899111868759e-10
1.754930271999910474e-04
-4.711862857220694423e-05
2.022521512117236853e-04
-5.364957905840128660e-05
2.159412950277328491e-03
3.506005668896250427e-05
-1.104636612581089139e-04
4.030207637697458267e-04
1.416311351931653917e-05
1.143125039071435367e-09
3.560439508873969316e-04
1.395886647514998913e-04
-2.145301550626754761e-05
-9.358958777738735080e-05
-3.219403151888400316e-05
-6.639913063821722972e-10
1.417583436705172062e-03
-8.249129314208403230e-05
-3.596998254806749173e-10
-5.331665761332260445e-06
8.046775745729206619e-11
-7.942455340526066720e-06
1.692908699624240398e-03
4.438906616996973753e-04
1.040162387653253973e-04
-7.922074107824528255e-11
1.114716433221474290e-04
-3.184056074356789168e-10
2.199651062255725265e-04
3.463191955432876057e-10
1.352328108623623848e-03
-2.428712786439746196e-10
-5.594180038315244019e-06
-1.335556735284626484e-04
-8.092021744232624769e-05
-3.373985236976295710e-06
-3.343497228343039751e-04
-2.187775680795311928e-04
1.955528432517894544e-06
-6.920568978996399778e-11
-6.801256404287414625e-06
3.061409370275214314e-05
1.179013179353205487e-05
1.902724732644855976e-03
4.902714281342923641e-04
3.361205745022743940e-05
-9.463206515647470951e-04
9.706018211375067040e-10
1.302846521866740659e-05
-1.518859935458749533e-04
1.618663814095810949e-10
-2.192875945183914155e-05
2.051331284746993333e-05
4.133156107855029404e-05
1.015058136545121670e-03
4.430556145962327719e-04
6.520917694707861756e-10
5.103386356495320797e-04
1.430650881957262754e-04
1.136530499934451655e-06
1.148171835385625172e-11
-1.394624996464699507e-04
2.014980418607592583e-04
1.874341069196816534e-05
1.101563066185917705e-05
5.129167038830928504e-05
-3.717133545411144269e-10
4.867691677645780146e-05
6.831227801740169525e-04
7.510752020323252509e-10
-4.360823368187993765e-06
2.141195424090747146e-12
5.586733298201806974e-10
3.113922730779705716e-10
3.493165058898739517e-05
1.565594320851459997e-09
1.673649967415258288e-04
3.965464929933659732e-05
5.486948673194547155e-10
-1.717799791300933521e-10
6.608850526390597224e-05
7.945985998958349228e-05
2.057739329757168889e-04
6.288425336009595412e-10
8.780547796050086617e-05
1.740878360578790307e-04
1.354529922537039965e-05
-4.333163960836827755e-04
-2.008240699069574475e-04
8.738861652091145515e-05
-1.159977546194568276e-04
4.525770782493054867e-05
3.148663090541958809e-04
3.788908770729904063e-06
-6.004795795888639987e-05
6.438087439164519310e-04
7.907281773800178826e-11
3.756806810084611925e-10
-4.135134734628564956e-10
2.405487612122669816e-05
4.976495802111458033e-06
5.265640720608644187e-05
2.721116665327372175e-10
-7.412488339468836784e-04
1.964571711141616106e-04
3.152942351647425312e-10
4.326504713390022516e-04
4.442904377732759258e-10
1.776614662958309054e-04
3.199653583578765392e-04
6.307643990455247263e-11
4.023079327453160658e-07
1.655164756812155247e-03
1.955032115802168846e-03
2.276170416735112667e-04
1.255441361536213662e-06
-8.907553450399063877e-08
-2.552153600845485926e-04
-4.286743460202302458e-10
7.876555518926409150e-10
4.758752475026994944e-04
2.617975405883044004e-04
-1.178384056998993401e-09
2.699207980185747147e-04
-1.425139722414314747e-03
2.231715770903974771e-04
-5.411306847236119211e-05
5.254981806501746178e-05
1.131248864112421870e-04
-8.130248716042842716e-06
7.834893767721951008e-04
-2.056528683169744909e-05
2.011472793883584131e-10
5.474025601870380342e-05
-1.835134405547833580e-10
-3.090191166847944260e-04
1.027990292641334236e-04
-1.054215954354731366e-05
1.252557558473199606e-04
1.977068495762068778e-05
-4.340756277088075876e-05
-2.761127916528494097e-06
-2.723259950876411040e-10
-2.640387683641165495e-04
1.869289445455279974e-11
1.559976731124734783e-10
1.436058548279106617e-03
5.766225876868702471e-05
1.906291581690311432e-04
7.319343239942099899e-06
1.973190046555828303e-05
5.965876625850796700e-04
-2.979608252644538879e-04
-6.019712236593477428e-05
-4.942622422454689968e-10
7.899541576428248391e-10
-6.059880888642510399e-06
-8.355216414202004671e-05
1.894677748026651898e-09
1.457019061490427703e-05
6.585086920196658866e-10
6.241156952455639839e-04
-1.192856580018997192e-04
4.129106528125703335e-04
-5.576399053097702563e-05
-3.665194536761617883e-10
3.184420638717710972e-04
5.501415989428437570e-10
-3.514027048368006945e-04
5.055115907453000546e-04
1.486287874286063015e-05
-2.075650118058547378e-04
1.517699092801194638e-05
1.912421794258989394e-05
-1.584515302965883166e-06
-1.510771426183055155e-06
1.164504101325292140e-05
9.813876378217400998e-10
-1.586258346897295723e-10
-6.039724758011288941e-05
4.895864269549576875e-10
-1.437249447917565703e-04
2.270739059895277023e-05
2.843139925971627235e-03
4.554015758913010359e-04
-4.625219374165823183e-10
-3.490718081593513489e-04
4.209499456919729710e-04
-2.231766266049817204e-04
5.729163603973574936e-05
-7.031912552246666337e-11
1.428127725375816226e-04
1.329127363725035593e-10
-6.381137063726782799e-05
1.273477482754969969e-05
-4.568863898324337924e-10
2.904414759541396052e-05
-2.106515603372827172e-05
2.542226684454362839e-05
-6.611121650124118787e-10
2.442969343974255025e-05
2.844463097062543966e-06
1.999363768845796585e-03
5.607401210028228888e-10
-2.732178836595267057e-05
3.351868826939607970e-06
2.609375314932549372e-06
2.993287562258473145e-10
-8.371785952476784587e-05
6.075714554754085839e-05
5.874907227365611107e-10
3.940587248507654294e-06
1.675615806107089156e-07
5.019346644985489547e-05
2.384992330917157233e-05
4.894531230092979968e-06
2.782372519050113624e-07
-1.172757110907696187e-04
2.132550347596406937e-03
-1.336114552330514016e-10
-4.595821519615128636e-05
3.166792112097027712e-06
2.816159394569694996e-04
1.846920440584653988e-06
-1.340957715001422912e-05
3.017496492248028517e-04
7.144005503505468369e-04
-2.659979218151420355e-04
-6.988455538703419734e-07
-5.817587407364044338e-06
4.214124055579304695e-04
6.048520845070015639e-06
6.677326746284961700e-05
1.045797603183018509e-06
-2.801531227305531502e-04
-2.767052819763193838e-06
-9.270296868635341525e-05
1.040106057189404964e-03
6.493311957456171513e-04
-2.767829937511123717e-05
8.787436854618135840e-06
1.062032461049966514e-04
4.405894142109900713e-04
1.684596554696327075e-06
-1.127388404853491011e-09
1.355191343463957310e-04
2.801230766635853797e-05
3.489974478725343943e-04
8.200335965824478990e-10
4.589375635077885818e-07
3.030584230145905167e-05
-1.243119768332690001e-04
-5.987838958390057087e-04
-6.870625657029449940e-05
4.411902045831084251e-05
1.787676812137206639e-10
1.113769249059259892e-04
1.071160586434416473e-04
6.469347863458096981e-04
-4.999183584004640579e-04
1.379002515022875741e-05
-1.046085071720881388e-05
8.738772594369947910e-04
-3.178126650738022363e-10
2.682095146155916154e-05
6.550874240929260850e-05
9.945609235728625208e-06
-6.136503070592880249e-04
-1.291376884182682261e-05
4.792060735780978575e-06
1.363035553367808461e-04
-1.635709509173466358e-06
-5.141952715348452330e-05
9.251868505089078099e-06
3.388538893922543593e-10
-5.608608989859931171e-05
-8.898281375877559185e-04
-2.429917185509111732e-05
2.466216120211583984e-10
-9.159382974299745683e-11
-3.515813659760169685e-05
1.774423663558621911e-11
7.461481987824925000e-10
-8.284777322842273861e-06
-2.596994818304665387e-05
3.337814996484667063e-04
2.665433567017316818e-04
2.552212972659617662e-04
1.614481437428594290e-09
5.944004515185952187e-04
-5.325222082319669425e-05
-3.005968892466626130e-06
-3.108256205450743437e-04
-5.965748450798002978e-10
1.380048342980444431e-04
1.096916312235407531e-04
-5.215909371081295376e-10
-1.692116929916664958e-04
-7.948247002786956728e-06
-1.058512721918702937e-09
-2.591049874656192742e-10
-9.492077515460550785e-05
4.339933967756337552e-10
-1.118719637815956958e-06
1.508900546468794346e-03
3.954850613663296599e-10
-3.917831782018765807e-05
5.354209853258851126e-10
-3.344684955663979053e-04
6.680359365418553352e-05
-8.937921514018398739e-10
-3.608924089348874986e-05
1.805449574021622539e-04
-4.891366643278161064e-06
7.624694262631237507e-05
3.387486124939442789e-10
1.242690050275996327e-04
9.979768747503392490e-12
5.855496783624403179e-05
-8.527821591997053474e-06
4.469764003367515670e-10
5.167761628399603069e-05
-4.417680429469328374e-06
6.104684535657156630e-10
6.773130735382437706e-05
-4.579808773996774107e-06
5.328518454916775227e-05
1.741874179617131091e-11
9.791806223802268505e-05
5.508693284355103970e-04
-6.462775672844145447e-06
-7.151177269406616688e-04
-2.980864513557612838e-11
8.035870996536687016e-05
9.496871344882862331e-11
3.967155062127858400e-04
-1.682585279922932386e-04
7.566376007162034512e-04
-1.610137587704230100e-05
-3.116203961539554257e-10
8.917262675822712481e-06
-1.055878019542433321e-04
-2.360617145313881338e-05
-1.034946128797287201e-09
-2.452073544212396428e-10
-3.677785298528135627e-10
8.416431440672056397e-10
1.477260142564773560e-03
1.500628094008860103e-10
7.292070222320035100e-05
-2.090653651976026595e-05
-5.073427788993001286e-10
6.416671567421872169e-06
-5.779484182899530254e-11
2.102155267493799329e-04
1.666485513851512223e-05
-2.597497950773686171e-05
-3.331099651404656470e-05
-9.333948582934681326e-06
5.560817362137981945e-10
-8.708313544047996402e-05
-6.402826693374663591e-05
-6.675701570202363655e-06
-6.246994598768651485e-05
1.357758301310241222e-04
6.000738940201699734e-04
1.254647038877010345e-03
-4.409002607452805478e-10
-2.327019756194204092e-04
6.728727839799830690e-06
4.825576525036012754e-07
5.408404103945940733e-05
1.349965168628841639e-05
2.845310082193464041e-04
-8.716691809240728617e-05
1.381759012764049999e-10
-1.928201903700355047e-10
-9.578069439157843590e-04
-1.345150485576596111e-05
1.017206013784743845e-04
-5.088694251753622666e-06
5.824648178531788290e-05
-8.162826525826005764e-10
1.556654315209016204e-04
4.000503261991639192e-10
-6.301158282440155745e-05
7.641518022865056992e-04
6.681309314444661140e-04
-9.426852631833071428e-10
-8.467692964586603921e-07
-2.982355363201349974e-05
-9.123488631246345903e-10
-3.107550946879200637e-05
-9.635742799218860455e-07
-5.844685846412289720e-11
-1.487305871705757454e-05
1.747651549521833658e-05
1.100649606087245047e-04
5.366692857933230698e-05
-4.484339297050610185e-05
1.357409629143546681e-09
2.294438127137254924e-05
1.652621431276202202e-03
6.086133453209185973e-06
1.060315262293443084e-04
1.667813558015041053e-05
-4.393513330924747606e-10
4.651957291601505062e-11
9.380128895841721715e-10
-2.321073552593588829e-04
-1.506004900875268504e-05
1.046434859745204449e-03
-1.544204314996022731e-05
3.570306580513715744e-04
-1.505600630480330437e-05
2.318891201866790652e-04
2.992417139466851950e-04
-1.088837962015531957e-05
-6.392685463652014732e-05
-2.568715518069808468e-10
7.714930688962340355e-06
1.913612795760855079e-04
4.820463655050843954e-04
1.672145008342340589e-04
-4.603880224749445915e-04
3.055549314012750983e-05
4.316510057833511382e-06
4.976241085863364333e-10
-1.957165077328681946e-04
-5.858143777004443109e-05
-4.164992333244299516e-06
-7.892729627201333642e-06
2.723793440964072943e-04
-9.106191495300564043e-11
4.953132593072950840e-04
6.141413468867540359e-04
1.370987592963501811e-05
6.776957889087498188e-05
-1.161327418230939656e-05
2.178836075472645462e-05
2.549312484916299582e-04
3.537751354087959044e-06
6.446334737120196223e-05
-3.975313447881489992e-04
5.070684497288091563e-11
-9.690400329418480396e-04
-7.472101826166976934e-10
1.718516301485450981e-10
-8.117708603094797581e-07
2.283568937855307013e-05
-6.026717164786532521e-05
1.519677171017974615e-04
5.520324339158833027e-05
-5.410427111200988293e-04
-3.337871476105647162e-06
-5.425083031695976388e-07
1.397694431943818927e-04
6.534917607048384980e-10
-1.277871888305526227e-05
6.520761526189744473e-04
4.986296930908906688e-10
3.046316351174027659e-06
4.315566038712859154e-04
-3.131427617208970560e-10
9.341755147218577804e-10
6.418725242838263512e-04
-1.566698847454972565e-05
-5.843805439553761971e-10
5.834503681398928165e-04
-3.412005025893449783e-05
-2.225513599114492536e-04
2.829449949786067009e-04
-2.452402077324222773e-05
-1.027990729198791087e-04
-1.274730195291340351e-03
-9.475021215621381998e-05
1.609779809452760446e-10
5.697547749150544405e-06
-9.314856470155064017e-06
-1.854330184869468212e-05
1.666698080953210592e-04
2.521059359423816204e-04
8.641088788863271475e-05
2.071828203042969108e-05
8.918585372157394886e-04
1.025537028908729553e-03
4.562812682706862688e-05
-2.845130211426294409e-06
1.847977837314829230e-04
-5.862707454923343775e-12
-5.931715674201143429e-10
5.241432809270918369e-04
8.420662925345823169e-05
1.984115922823548317e-03
1.089523648261092603e-04
1.128351286752149463e-04
-1.299589348491281271e-04
1.084858740796335042e-04
-2.027934824582189322e-04
-1.620074544916860759e-05
6.733094051014631987e-05
-5.471179065352771431e-10
1.844514772528782487e-04
-2.395154907741670058e-10
-1.311215688474476337e-03
-5.408641882240772247e-04
1.548771979287266731e-04
-1.552381290821358562e-04
-1.671497107391672898e-10
9.886689949780702591e-04
1.950621282276188140e-07
4.848090156883699819e-06
6.709969056828413159e-06
8.396661141887307167e-04
5.187299102544784546e-04
5.082204006612300873e-05
1.708040690573398024e-05
7.196177612058818340e-04
2.427167637506499887e-04
2.994529786519706249e-04
2.935171651188284159e-04
1.249875291250646114e-03
-6.460640724981203675e-05
-5.192093421868548830e-10
1.109887626249417281e-09
-1.382209485756291656e-10
4.773506079800426960e-04
1.388438886351650581e-05
1.130038363044150174e-04
2.524823003113851883e-06
-3.099186578765511513e-04
1.041969699144829065e-05
5.922852208684048492e-10
1.951520516740856692e-06
1.553827360112336464e-06
2.424734520900528878e-05
-1.976729545276612043e-04
-1.159669636763283052e-06
-1.261482539121061563e-04
9.367318853037431836e-06
-2.485806283036851028e-10
-3.076293664250329130e-10
4.923870801576413214e-05
6.799260972911724821e-06
1.362788461847230792e-04
4.086736953468061984e-05
-1.125859197537160128e-10
-1.308557330048643053e-05
1.248533226316794753e-04
-2.136094371962826699e-05
8.554362284485250711e-05
1.986075193194380972e-10
-7.186116363300243393e-06
-4.027197464395726456e-10
-1.303933640883769840e-05
5.340887582860887051e-05
2.497691411917912774e-06
1.195621280203340575e-05
2.455618778185453266e-05
-2.701946941670030355e-04
5.006800638511776924e-04
-2.058009040961650271e-10
1.697979314485564828e-05
-3.144409732591668671e-11
1.482964944443665445e-05
1.695801138401620278e-10
1.380840876663569361e-05
2.889436473196838051e-05
3.941664763260632753e-04
-2.074817020911723375e-04
-4.550179437501356006e-05
9.506881948340151212e-10
6.576712621608749032e-05
-1.457035614293999970e-05
-3.739891781151527539e-06
6.099716410972177982e-04
-3.729132004082202911e-05
-3.795909578911960125e-04
4.349110793722132939e-10
7.207681483123451471e-05
5.996487379889003932e-05
3.413334488868713379e-04
1.788359259080607444e-05
-7.519333489192092657e-10
4.339133374742232263e-05
-9.799941908568143845e-04
-4.807608274859376252e-05
1.303579133526966416e-09
5.342189688235521317e-04
3.765112196560949087e-04
-1.105184201151132584e-04
3.806606866419315338e-03
-5.211556741713252450e-10
8.182223609765060246e-06
-2.836975099285155011e-10
3.477411969488031218e-10
1.417275052517652512e-04
2.411270179436542094e-05
1.663482362346258014e-05
2.781609655357897282e-04
7.675299275433644652e-05
4.053930388181470335e-05
5.822033017466310412e-06
1.104609400499612093e-04
4.736636037705466151e-05
1.199906364490743726e-05
4.197275120532140136e-05
-6.196386737045145310e-10
-1.209809561260044575e-03
8.023247937671840191e-05
-2.319978875675587915e-06
-3.134918370051309466e-05
-1.141149317845702171e-03
-2.429542746540391818e-06
4.324749170336872339e-06
-1.769145524521675839e-10
-3.203313681297004223e-04
-2.149055933209353952e-10
-4.479166204607309965e-10
1.118926520575769246e-04
1.904218152048997581e-05
1.649308716878294945e-03
7.065577665343880653e-04
-1.107875249872769530e-10
7.324654143303632736e-05
-5.528773544938303530e-05
1.540809025755152106e-04
2.496462002454791218e-06
-7.245836604852229357e-05
1.106722265831194818e-04
2.370075089856982231e-03
-2.156290065613575280e-06
1.247192034497857094e-03
2.611453510326100513e-06
5.927968231844715774e-05
5.778333797934465110e-05
7.521904626628383994e-05
-3.195121462340466678e-05
-1.502996565250214189e-05
2.276502042430905703e-10
7.653067768842447549e-06
4.274771526979748160e-06
2.270870754728093743e-05
2.527330252632964402e-06
-1.968781725736334920e-05
-7.874715265643317252e-06
-4.064870881848037243e-04
-1.618863961994065903e-06
-1.280059502839492325e-09
2.694393042474985123e-04
-5.986105679767206311e-05
7.877840835135430098e-05
2.470816798449959606e-05
6.925953493919223547e-05
2.830533776432275772e-05
-2.166406829928746447e-06
-1.132569732442689769e-10
-2.022853004746139050e-05
1.046749730448937044e-06
-1.343390936686672532e-11
1.204379151964474204e-09
2.803137525916099548e-03
5.647007583320373669e-06
1.044864548020996153e-04
5.139315617270767689e-04
6.785080275406585315e-10
7.268941004667794914e-10
1.464495380787411705e-05
6.242949166335165501e-04
-1.074124884326010942e-05
1.063620802597142756e-04
3.902439482672548365e-10
-1.392047920489858370e-06
3.539463796187192202e-04
1.013791939286079469e-09
-7.228310172635588060e-10
5.628516402955696663e-11
1.952598904608748853e-05
-9.688864294199461824e-11
4.317261925734783290e-07
8.937273378251120448e-06
-1.332480605924502015e-04
3.468656814220594242e-06
3.717233776114881039e-04
1.651952479733154178e-04
1.650616904953494668e-04
4.128919499635230750e-06
7.884790043100053936e-10
6.011676156880696453e-10
6.163777288747951388e-05
1.207762616104446352e-04
4.211139821563847363e-05
-6.490492523880675435e-05
-2.146287297364324331e-04
-4.414041541167534888e-05
-1.365870900826848811e-07
-4.261260511118081240e-10
1.765929395332932472e-03
-6.476793787442147732e-04
-8.909900316211860627e-06
-1.111920646508224308e-04
4.099452402442693710e-03
2.070296977763064206e-05
4.194581904037875120e-10
3.757510858122259378e-04
1.757347141392529011e-03
-8.721104823052883148e-04
-6.412450570536520900e-10
4.148271546000614762e-05
1.565864113217685372e-05
1.160327665274962783e-04
-1.284365280298516154e-04
-8.890253229765221477e-05
7.797314538038335741e-06
1.250972272828221321e-04
-8.952127372729989929e-10
-4.144283884670585394e-04
-5.961361239315010607e-06
-1.079036737792193890e-04
-1.189807589980773628e-04
7.800645107636228204e-06
-6.387539542629383504e-06
-1.594659843249246478e-04
-6.009519893268588930e-06
-2.303425222635269165e-03
-3.439703868934884667e-05
-1.206470187753438950e-04
4.361794854048639536e-04
1.772735122358426452e-04
-6.753056823072256520e-06
-1.023643271764740348e-04
9.258400496037211269e-06
8.805193647276610136e-05
3.279465090599842370e-05
-4.220212285872548819e-04
-2.511560705897863954e-05
-1.714945546682500321e-10
4.899501163890818134e-06
-7.529723370680585504e-05
1.447237329976758247e-09
-1.419486181930551538e-07
2.040076302334270508e-10
-1.409154501743614674e-04
1.253364825970493257e-05
6.429578643292188644e-04
7.959934009704738855e-06
-6.898622814333066344e-05
-2.585076726973056793e-04
-1.057472854881780222e-05
1.645824909246584866e-06
4.959274083375930786e-04
4.459460978978313506e-05
1.517342570878099650e-05
-9.234883968645135610e-10
8.178107673302292824e-04
2.492704370524734259e-04
1.586708676768466830e-04
-2.162976161343976855e-04
-3.560061304597184062e-05
4.534378822427242994e-04
-5.231939667282858863e-06
2.101853851854684763e-06
1.713496385491453111e-05
2.071984345093369484e-04
2.931465348243733615e-10
1.731602972121493167e-09
-2.155210531782358885e-04
-1.333949876425322145e-05
3.540022007655352354e-04
1.935182081069797277e-04
2.234386329291737638e-06
9.349306928925216198e-04
2.548478278185939416e-06
3.745181893464177847e-04
-5.722098285332322121e-05
2.123063252978951709e-10
-3.623723387136124074e-05
1.236657961271703243e-03
-3.918239235645160079e-05
-4.054013334098272026e-05
2.370614856772590429e-05
-3.606048703659325838e-04
1.841326447902247310e-04
-5.953752406639978290e-05
-3.022368744165504495e-10
1.159588919108500704e-05
-1.318322119914228097e-05
6.122349877841770649e-04
2.443181983835529536e-05
5.657239235006272793e-04
-4.928164416924118996e-04
-4.189188440584246109e-10
6.669444846920669079e-04
-3.636714973254129291e-05
-1.445938960387138650e-05
-1.317802684752678033e-06
7.806450012139976025e-04
-3.041408490389585495e-04
-2.112331567332148552e-03
-5.261887563392519951e-04
-1.282380399061366916e-04
-3.337589805596508086e-05
-3.441676381044089794e-05
-1.627321580599527806e-05
3.100324465776793659e-05
1.042907661030767485e-05
4.746961931232362986e-04
-7.475930985378909099e-11
1.670953788561746478e-04
6.968553498154506087e-05
2.804318210110068321e-04
-2.995223621837794781e-05
6.039774161763489246e-04
3.966416443290654570e-06
8.795941539574414492e-06
5.270023861747574756e-10
1.508854802523273975e-05
1.391553905705222860e-05
-4.876441183363292020e-14
8.786078069533687085e-06
-3.344197757542133331e-04
-5.497978054336272180e-05
1.687968764763070340e-09
-2.820901845446144307e-10
-8.512192289344966412e-05
5.197276186663657427e-05
-2.368876812397502363e-05
8.231534593505784869e-06
-3.362862116773612797e-05
-6.621683756868890214e-10
3.814971569227054715e-05
4.217715468257665634e-05
7.997887792043911759e-07
-1.257633120985701680e-04
-7.167334115365520120e-05
9.636192407924681902e-05
-1.500814105384051800e-04
-1.921968417750719027e-10
4.820278845727443695e-04
-2.517507709853816777e-05
-7.060586940497159958e-04
-1.840934071850597320e-10
1.638745306991040707e-04
5.827936092828167602e-06
-6.734501948812976480e-05
