1.001181483268737793e+00
9.994959831237792969e-01
1.000440597534179688e+00
9.971531629562377930e-01
1.002244949340820312e+00
9.981169104576110840e-01
9.976233839988708496e-01
9.974817633628845215e-01
9.978531002998352051e-01
9.953386187553405762e-01
1.000611186027526855e+00
9.956744313240051270e-01
9.972169399261474609e-01
9.955362677574157715e-01
9.992421865463256836e-01
9.985625743865966797e-01
9.975783228874206543e-01
1.003152966499328613e+00
1.006820082664489746e+00
9.948331117630004883e-01
1.000827670097351074e+00
9.969267249107360840e-01
1.001353025436401367e+00
1.001918673515319824e+00
9.960128068923950195e-01
9.996362924575805664e-01
9.953989982604980469e-01
1.006829500198364258e+00
1.000344753265380859e+00
1.003596901893615723e+00
9.969708919525146484e-01
9.993226528167724609e-01
1.002057552337646484e+00
9.993521571159362793e-01
9.933924078941345215e-01
9.974156022071838379e-01
9.996525049209594727e-01
9.964020252227783203e-01
1.000278353691101074e+00
9.973307251930236816e-01
1.000467538833618164e+00
9.974408745765686035e-01
9.935256242752075195e-01
1.002638339996337891e+00
1.002428770065307617e+00
1.002853989601135254e+00
1.001870751380920410e+00
9.934377074241638184e-01
1.003403544425964355e+00
1.002571105957031250e+00
9.852283000946044922e-01
9.985151886940002441e-01
1.000368952751159668e+00
1.017474770545959473e+00
1.003549695014953613e+00
1.001063823699951172e+00
9.972865581512451172e-01
1.001173853874206543e+00
9.969417452812194824e-01
1.012964129447937012e+00
1.008888602256774902e+00
1.004897475242614746e+00
1.001950502395629883e+00
1.003711581230163574e+00
9.988256692886352539e-01
1.000262022018432617e+00
1.002756476402282715e+00
1.005587935447692871e+00
9.984821081161499023e-01
9.992524385452270508e-01
9.997402429580688477e-01
1.001711726188659668e+00
1.004454612731933594e+00
9.983017444610595703e-01
9.952069520950317383e-01
1.001244902610778809e+00
1.001675367355346680e+00
9.996225833892822266e-01
1.000575542449951172e+00
9.995000958442687988e-01
9.988451004028320312e-01
1.001203536987304688e+00
1.005596041679382324e+00
9.956744313240051270e-01
9.973922371864318848e-01
1.001108169555664062e+00
1.000511884689331055e+00
9.993986487388610840e-01
1.000931739807128906e+00
1.002071857452392578e+00
1.004360079765319824e+00
1.001681804656982422e+00
1.002678275108337402e+00
9.996552467346191406e-01
9.984062314033508301e-01
1.001648783683776855e+00
1.001140952110290527e+00
9.951727390289306641e-01
1.002341985702514648e+00
9.975945949554443359e-01
1.002454161643981934e+00
9.991751909255981445e-01
1.008972644805908203e+00
1.004125237464904785e+00
1.002869844436645508e+00
9.988839626312255859e-01
1.004491448402404785e+00
9.997959136962890625e-01
9.916977882385253906e-01
1.011079192161560059e+00
9.970498681068420410e-01
1.001947522163391113e+00
9.995468854904174805e-01
9.957377314567565918e-01
9.974370598793029785e-01
1.001256585121154785e+00
9.924158453941345215e-01
9.991024732589721680e-01
1.001855850219726562e+00
1.000787854194641113e+00
1.000485181808471680e+00
1.000475287437438965e+00
9.995297789573669434e-01
1.001740813255310059e+00
1.000402569770812988e+00
1.006371021270751953e+00
9.956993460655212402e-01
1.002378225326538086e+00
1.002717137336730957e+00
9.964114427566528320e-01
9.959842562675476074e-01
1.003319025039672852e+00
9.976075291633605957e-01
9.996536970138549805e-01
1.001160860061645508e+00
1.002208113670349121e+00
9.928530454635620117e-01
9.964324235916137695e-01
1.007601976394653320e+00
9.986732602119445801e-01
1.003672599792480469e+00
9.994201660156250000e-01
9.950409531593322754e-01
1.001132369041442871e+00
1.000734329223632812e+00
9.994060397148132324e-01
9.996356368064880371e-01
1.000306010246276855e+00
9.987733364105224609e-01
1.001982569694519043e+00
9.978576302528381348e-01
1.003543615341186523e+00
1.002285599708557129e+00
1.002215266227722168e+00
9.994819164276123047e-01
9.942756891250610352e-01
1.002645969390869141e+00
9.952978491783142090e-01
9.992725253105163574e-01
9.998461008071899414e-01
1.000318646430969238e+00
9.942811131477355957e-01
1.001526713371276855e+00
9.937069416046142578e-01
9.927905201911926270e-01
9.995467662811279297e-01
9.999631643295288086e-01
1.005588054656982422e+00
9.984408617019653320e-01
1.000571727752685547e+00
1.002532243728637695e+00
9.972292184829711914e-01
9.974221587181091309e-01
1.000389933586120605e+00
9.960345029830932617e-01
9.985929727554321289e-01
9.988095760345458984e-01
9.979893565177917480e-01
9.999158978462219238e-01
9.989839792251586914e-01
9.990214705467224121e-01
1.000759005546569824e+00
9.928070902824401855e-01
1.003107905387878418e+00
9.962162375450134277e-01
9.982431530952453613e-01
1.001458764076232910e+00
9.986843466758728027e-01
1.007539749145507812e+00
9.917083978652954102e-01
9.955108165740966797e-01
9.991940855979919434e-01
1.006765365600585938e+00
1.006149053573608398e+00
1.000269651412963867e+00
1.001580834388732910e+00
1.001976490020751953e+00
1.001650094985961914e+00
1.013673186302185059e+00
1.000295639038085938e+00
9.939804077148437500e-01
9.965130686759948730e-01
9.908593893051147461e-01
9.993933439254760742e-01
1.000902056694030762e+00
9.899398684501647949e-01
9.989289045333862305e-01
1.001266360282897949e+00
9.990894198417663574e-01
9.990592002868652344e-01
9.939859509468078613e-01
9.996910095214843750e-01
1.002151370048522949e+00
1.005736947059631348e+00
9.972799420356750488e-01
1.005825996398925781e+00
1.000357270240783691e+00
9.983439445495605469e-01
9.999066591262817383e-01
1.002489209175109863e+00
1.004128217697143555e+00
1.000746250152587891e+00
9.967788457870483398e-01
1.000665068626403809e+00
9.988703727722167969e-01
1.002049803733825684e+00
1.005765199661254883e+00
9.999628067016601562e-01
1.008072137832641602e+00
1.000433087348937988e+00
9.989739656448364258e-01
1.008104205131530762e+00
9.964014887809753418e-01
9.995816946029663086e-01
9.927710890769958496e-01
9.998682737350463867e-01
9.979000091552734375e-01
9.983069300651550293e-01
9.994487762451171875e-01
9.999483823776245117e-01
1.002352356910705566e+00
1.006172180175781250e+00
9.965029358863830566e-01
1.003178596496582031e+00
1.017837882041931152e+00
9.964074492454528809e-01
9.965402483940124512e-01
9.961212277412414551e-01
1.003076553344726562e+00
9.975585937500000000e-01
9.999166727066040039e-01
9.983939528465270996e-01
9.990465044975280762e-01
1.000451803207397461e+00
1.008750319480895996e+00
9.994582533836364746e-01
1.000577688217163086e+00
9.989540576934814453e-01
9.984595775604248047e-01
9.979014396667480469e-01
9.987508058547973633e-01
9.962940216064453125e-01
1.003633618354797363e+00
9.966828227043151855e-01
9.986017942428588867e-01
1.000150799751281738e+00
1.006548523902893066e+00
9.988876581192016602e-01
9.987164735794067383e-01
9.973182082176208496e-01
9.987363815307617188e-01
1.000058293342590332e+00
1.000941872596740723e+00
1.003524899482727051e+00
9.970971345901489258e-01
1.001519560813903809e+00
1.003081798553466797e+00
1.003116250038146973e+00
9.989380240440368652e-01
1.000306963920593262e+00
1.006412029266357422e+00
9.940780401229858398e-01
9.933956265449523926e-01
1.001821875572204590e+00
9.993757009506225586e-01
9.985325336456298828e-01
1.008607864379882812e+00
9.938422441482543945e-01
1.000562787055969238e+00
1.001387953758239746e+00
1.001488327980041504e+00
1.000666022300720215e+00
1.005586981773376465e+00
1.004644632339477539e+00
1.004750370979309082e+00
1.004986882209777832e+00
1.004362821578979492e+00
1.004313230514526367e+00
1.000599980354309082e+00
1.005680918693542480e+00
9.994639158248901367e-01
1.001538157463073730e+00
1.001082539558410645e+00
9.990610480308532715e-01
1.004118800163269043e+00
9.972447752952575684e-01
9.981585741043090820e-01
1.002463340759277344e+00
1.005551815032958984e+00
9.985674619674682617e-01
9.974112510681152344e-01
9.989327788352966309e-01
9.949917793273925781e-01
1.001290917396545410e+00
1.002053499221801758e+00
1.001950621604919434e+00
1.001068711280822754e+00
1.001008987426757812e+00
1.000567674636840820e+00
1.004562973976135254e+00
1.000107407569885254e+00
1.000604391098022461e+00
1.003323674201965332e+00
1.002534985542297363e+00
1.000406384468078613e+00
1.003533959388732910e+00
9.951524138450622559e-01
1.011827826499938965e+00
9.929198622703552246e-01
1.002060294151306152e+00
9.987999200820922852e-01
9.969449639320373535e-01
9.966526031494140625e-01
9.991105198860168457e-01
1.007111787796020508e+00
9.952236413955688477e-01
9.990866184234619141e-01
1.011984467506408691e+00
1.000556349754333496e+00
1.000909686088562012e+00
9.970566630363464355e-01
1.000345826148986816e+00
9.939528703689575195e-01
9.909302592277526855e-01
1.000337243080139160e+00
9.982801079750061035e-01
1.001532316207885742e+00
9.994331002235412598e-01
9.970234632492065430e-01
9.993789196014404297e-01
1.001860380172729492e+00
9.981014728546142578e-01
1.001906394958496094e+00
1.001108646392822266e+00
1.002066612243652344e+00
1.003682374954223633e+00
9.972545504570007324e-01
1.002423405647277832e+00
1.000247716903686523e+00
9.985932707786560059e-01
9.975178241729736328e-01
1.002566933631896973e+00
1.001609206199645996e+00
9.980208873748779297e-01
9.961702823638916016e-01
1.002513051033020020e+00
1.002440929412841797e+00
1.002778530120849609e+00
1.000339984893798828e+00
1.005758285522460938e+00
1.000022768974304199e+00
9.999063611030578613e-01
1.001902818679809570e+00
1.001148343086242676e+00
9.984339475631713867e-01
1.000452637672424316e+00
9.997549057006835938e-01
1.003647685050964355e+00
9.972884654998779297e-01
9.985081553459167480e-01
9.995394945144653320e-01
9.985290765762329102e-01
9.961221814155578613e-01
9.996170401573181152e-01
9.992129206657409668e-01
9.978585839271545410e-01
1.000397443771362305e+00
9.965218901634216309e-01
1.000524282455444336e+00
1.001964926719665527e+00
9.941834807395935059e-01
1.000192284584045410e+00
1.001271247863769531e+00
1.004448533058166504e+00
9.999966621398925781e-01
9.999908804893493652e-01
1.001280426979064941e+00
1.001152038574218750e+00
9.990168213844299316e-01
9.991137981414794922e-01
1.000876784324645996e+00
1.002667427062988281e+00
9.961428046226501465e-01
1.000012516975402832e+00
1.002081871032714844e+00
9.996797442436218262e-01
9.948595166206359863e-01
9.987702965736389160e-01
9.949249625205993652e-01
9.968069791793823242e-01
1.002050518989562988e+00
1.000010251998901367e+00
9.981426596641540527e-01
9.944471120834350586e-01
1.006920218467712402e+00
1.003850817680358887e+00
1.001930117607116699e+00
9.963881969451904297e-01
1.001303195953369141e+00
1.003169775009155273e+00
9.931381344795227051e-01
1.003416538238525391e+00
9.990965127944946289e-01
9.960246682167053223e-01
9.920125007629394531e-01
9.996514916419982910e-01
9.977278113365173340e-01
9.995255470275878906e-01
1.001038312911987305e+00
1.000476241111755371e+00
9.947425723075866699e-01
1.001603126525878906e+00
9.976740479469299316e-01
1.002599239349365234e+00
1.001757144927978516e+00
1.001079201698303223e+00
1.001163601875305176e+00
1.002627849578857422e+00
9.977314472198486328e-01
1.000520825386047363e+00
9.989547133445739746e-01
9.933214783668518066e-01
1.000192642211914062e+00
9.972994327545166016e-01
1.000525832176208496e+00
1.000670909881591797e+00
1.002287745475769043e+00
9.997678399085998535e-01
9.955998659133911133e-01
9.997523427009582520e-01
9.997215270996093750e-01
1.009246945381164551e+00
1.003733396530151367e+00
1.002635240554809570e+00
9.984208941459655762e-01
9.988307952880859375e-01
9.974333047866821289e-01
1.001737833023071289e+00
9.981043934822082520e-01
9.954343438148498535e-01
9.987274408340454102e-01
1.001508712768554688e+00
9.997785091400146484e-01
1.000659942626953125e+00
9.974205493927001953e-01
9.995272755622863770e-01
1.001750946044921875e+00
9.978197216987609863e-01
1.000944614410400391e+00
1.001037359237670898e+00
9.987275004386901855e-01
9.997289180755615234e-01
9.981479048728942871e-01
9.933311939239501953e-01
9.957727193832397461e-01
1.001295447349548340e+00
9.991316795349121094e-01
9.920281767845153809e-01
9.998132586479187012e-01
1.000061631202697754e+00
9.975388646125793457e-01
9.979312419891357422e-01
1.001669883728027344e+00
9.994549751281738281e-01
9.998990297317504883e-01
1.001462340354919434e+00
1.005136489868164062e+00
9.989623427391052246e-01
1.003011584281921387e+00
1.001482367515563965e+00
1.011381745338439941e+00
1.000658988952636719e+00
9.995191693305969238e-01
9.999052882194519043e-01
1.001018643379211426e+00
1.003356337547302246e+00
9.997886419296264648e-01
9.949473142623901367e-01
9.974364042282104492e-01
9.972010254859924316e-01
9.940296411514282227e-01
9.984047412872314453e-01
1.000614523887634277e+00
9.954493045806884766e-01
1.000025987625122070e+00
9.990649223327636719e-01
9.996903538703918457e-01
9.940194487571716309e-01
9.988160729408264160e-01
9.987648725509643555e-01
1.001421213150024414e+00
1.001698493957519531e+00
1.007622122764587402e+00
9.998629093170166016e-01
9.958232641220092773e-01
1.008841872215270996e+00
1.001211762428283691e+00
9.994726181030273438e-01
1.001388907432556152e+00
9.953175783157348633e-01
9.990421533584594727e-01
9.986089468002319336e-01
1.001260876655578613e+00
9.958985447883605957e-01
9.964872598648071289e-01
1.001545548439025879e+00
9.998787641525268555e-01
9.995728135108947754e-01
1.001809239387512207e+00
9.995041489601135254e-01
9.976007938385009766e-01
1.002615571022033691e+00
9.993791580200195312e-01
1.010501503944396973e+00
1.006158947944641113e+00
9.985490441322326660e-01
9.999752044677734375e-01
9.974729418754577637e-01
1.001879930496215820e+00
9.982548356056213379e-01
1.000062584877014160e+00
9.976372718811035156e-01
9.973937869071960449e-01
9.989283680915832520e-01
1.000145554542541504e+00
9.968803524971008301e-01
9.994122982025146484e-01
1.005902051925659180e+00
9.989959001541137695e-01
9.985550642013549805e-01
1.001317858695983887e+00
9.975396990776062012e-01
9.951156973838806152e-01
9.948784112930297852e-01
1.001152038574218750e+00
1.000599145889282227e+00
1.006734967231750488e+00
9.971010088920593262e-01
9.993630647659301758e-01
1.002344369888305664e+00
9.988938570022583008e-01
9.986956119537353516e-01
9.981418251991271973e-01
1.000102996826171875e+00
1.001351952552795410e+00
9.986948370933532715e-01
1.006896018981933594e+00
9.970434308052062988e-01
9.993732571601867676e-01
9.944676160812377930e-01
1.006198883056640625e+00
9.970080256462097168e-01
9.961425065994262695e-01
9.975254535675048828e-01
9.997781515121459961e-01
1.001167416572570801e+00
1.000447034835815430e+00
9.998452067375183105e-01
9.997673034667968750e-01
1.002407670021057129e+00
9.992032647132873535e-01
1.003143191337585449e+00
9.984867572784423828e-01
9.951435923576354980e-01
9.932570457458496094e-01
9.973484277725219727e-01
1.010761260986328125e+00
1.001348495483398438e+00
1.000007867813110352e+00
1.001881241798400879e+00
1.000054955482482910e+00
9.996986985206604004e-01
9.946218729019165039e-01
9.992371797561645508e-01
9.970796704292297363e-01
9.997327327728271484e-01
1.000309824943542480e+00
1.000148057937622070e+00
9.976658821105957031e-01
9.973503351211547852e-01
9.964600205421447754e-01
9.995064139366149902e-01
9.975993037223815918e-01
1.006463289260864258e+00
1.003596901893615723e+00
1.000822424888610840e+00
1.002380132675170898e+00
1.002090692520141602e+00
1.016218066215515137e+00
9.998556971549987793e-01
1.000074267387390137e+00
9.981923699378967285e-01
9.995977878570556641e-01
1.003228068351745605e+00
1.000896215438842773e+00
1.000379562377929688e+00
9.959455132484436035e-01
9.927277565002441406e-01
1.000458955764770508e+00
1.003426909446716309e+00
9.957622289657592773e-01
1.000411868095397949e+00
9.995380640029907227e-01
1.000932812690734863e+00
9.960524439811706543e-01
1.004545450210571289e+00
1.000145792961120605e+00
1.001415491104125977e+00
1.000084280967712402e+00
9.988830089569091797e-01
9.985300898551940918e-01
9.968274831771850586e-01
9.951171278953552246e-01
1.008028388023376465e+00
9.996712803840637207e-01
1.000998735427856445e+00
9.986004829406738281e-01
9.990851283073425293e-01
9.991706013679504395e-01
1.001285314559936523e+00
1.000245571136474609e+00
1.001379609107971191e+00
1.000799775123596191e+00
1.001324534416198730e+00
9.977636933326721191e-01
1.001638889312744141e+00
1.001633644104003906e+00
9.936042428016662598e-01
9.990223646163940430e-01
9.983571767807006836e-01
9.956388473510742188e-01
9.994150400161743164e-01
9.983742237091064453e-01
9.946131706237792969e-01
1.003028273582458496e+00
1.001130342483520508e+00
1.000422120094299316e+00
1.003549218177795410e+00
1.000349879264831543e+00
9.979739189147949219e-01
9.995009899139404297e-01
9.958681464195251465e-01
9.950644373893737793e-01
9.915356636047363281e-01
1.006597876548767090e+00
9.964960217475891113e-01
1.000635027885437012e+00
9.978293776512145996e-01
1.006737351417541504e+00
1.001911401748657227e+00
1.003240108489990234e+00
1.000332355499267578e+00
9.978560209274291992e-01
9.979999661445617676e-01
9.970270991325378418e-01
9.994282722473144531e-01
1.006684780120849609e+00
1.003931522369384766e+00
1.001313686370849609e+00
1.001142621040344238e+00
1.000924229621887207e+00
9.945437908172607422e-01
1.000627756118774414e+00
9.982979893684387207e-01
9.989244937896728516e-01
9.974089264869689941e-01
1.001197218894958496e+00
9.990683794021606445e-01
1.001139402389526367e+00
1.001629710197448730e+00
1.000286221504211426e+00
9.987826347351074219e-01
1.002572298049926758e+00
9.998154640197753906e-01
9.975364804267883301e-01
1.000343680381774902e+00
9.996442198753356934e-01
9.924170374870300293e-01
1.010977983474731445e+00
9.992331266403198242e-01
1.002599835395812988e+00
1.000666856765747070e+00
1.001103401184082031e+00
1.004157304763793945e+00
9.988896250724792480e-01
9.940446019172668457e-01
1.001004815101623535e+00
9.985181689262390137e-01
9.981089234352111816e-01
1.000477790832519531e+00
1.004249095916748047e+00
9.995523691177368164e-01
9.993444085121154785e-01
9.964475631713867188e-01
9.991831779479980469e-01
1.001983284950256348e+00
1.000455021858215332e+00
1.000055074691772461e+00
9.984031319618225098e-01
9.997501373291015625e-01
9.996790289878845215e-01
1.001327157020568848e+00
9.980603456497192383e-01
1.001432895660400391e+00
9.984637498855590820e-01
1.001607298851013184e+00
9.990062713623046875e-01
1.000529527664184570e+00
1.009555816650390625e+00
9.986897110939025879e-01
1.004611015319824219e+00
9.973220825195312500e-01
1.001258850097656250e+00
9.971056580543518066e-01
9.992979168891906738e-01
1.005983710289001465e+00
1.001347899436950684e+00
1.001979470252990723e+00
9.995892047882080078e-01
9.955855011940002441e-01
9.972366094589233398e-01
1.001899957656860352e+00
1.000088095664978027e+00
1.000140547752380371e+00
9.969773292541503906e-01
9.982741475105285645e-01
1.010999917984008789e+00
9.950875043869018555e-01
9.979338645935058594e-01
9.982178211212158203e-01
9.988881349563598633e-01
9.958099126815795898e-01
9.983012080192565918e-01
1.005409717559814453e+00
9.980060458183288574e-01
1.001693367958068848e+00
9.996562600135803223e-01
9.983459711074829102e-01
1.006171464920043945e+00
9.988743662834167480e-01
1.001179099082946777e+00
1.000751495361328125e+00
1.001911044120788574e+00
9.985386729240417480e-01
1.001881599426269531e+00
9.970279932022094727e-01
9.979274272918701172e-01
9.987690448760986328e-01
9.990950226783752441e-01
1.005940675735473633e+00
1.000122189521789551e+00
9.993470907211303711e-01
9.989939928054809570e-01
1.000286579132080078e+00
9.994274377822875977e-01
1.002400159835815430e+00
1.003355145454406738e+00
9.965947270393371582e-01
1.003977656364440918e+00
9.983554482460021973e-01
1.000184655189514160e+00
1.002016901969909668e+00
1.001324295997619629e+00
9.975514411926269531e-01
9.965364933013916016e-01
9.991626739501953125e-01
9.995720982551574707e-01
9.988152980804443359e-01
1.001344680786132812e+00
9.965141415596008301e-01
1.003817558288574219e+00
9.988754987716674805e-01
1.003212928771972656e+00
9.979111552238464355e-01
1.005467295646667480e+00
9.943513274192810059e-01
9.997442364692687988e-01
1.006293177604675293e+00
9.945493936538696289e-01
1.000248432159423828e+00
9.948649406433105469e-01
9.976586103439331055e-01
9.991084933280944824e-01
1.005097508430480957e+00
9.991522431373596191e-01
9.920349717140197754e-01
9.982895851135253906e-01
9.995803236961364746e-01
9.975088834762573242e-01
9.981235265731811523e-01
9.999740719795227051e-01
9.921675920486450195e-01
9.978475570678710938e-01
9.946750402450561523e-01
1.011749505996704102e+00
1.002540111541748047e+00
9.967217445373535156e-01
9.977240562438964844e-01
9.975185394287109375e-01
9.962606430053710938e-01
9.966145753860473633e-01
1.001347780227661133e+00
9.955103993415832520e-01
9.994398951530456543e-01
1.000773549079895020e+00
9.953436255455017090e-01
9.992982149124145508e-01
9.974974393844604492e-01
9.976446032524108887e-01
9.898603558540344238e-01
1.003444552421569824e+00
1.002265810966491699e+00
1.001733660697937012e+00
1.000655412673950195e+00
1.003453493118286133e+00
1.000575780868530273e+00
1.003774523735046387e+00
9.975152611732482910e-01
9.983491301536560059e-01
1.003904819488525391e+00
1.001438736915588379e+00
9.994388818740844727e-01
9.945173859596252441e-01
9.920175671577453613e-01
1.003420710563659668e+00
9.950618743896484375e-01
9.991956949234008789e-01
1.002054452896118164e+00
9.991242289543151855e-01
9.995136857032775879e-01
9.990442991256713867e-01
1.005996108055114746e+00
9.982770085334777832e-01
1.001234889030456543e+00
1.000849485397338867e+00
1.002135038375854492e+00
1.008985638618469238e+00
9.999058246612548828e-01
1.005915284156799316e+00
1.003682851791381836e+00
9.962942004203796387e-01
1.000241398811340332e+00
9.986163973808288574e-01
9.999522566795349121e-01
9.996234774589538574e-01
1.002260088920593262e+00
9.993025064468383789e-01
1.000648856163024902e+00
9.967631101608276367e-01
9.989538788795471191e-01
9.979664087295532227e-01
1.001716375350952148e+00
9.997143149375915527e-01
1.013249874114990234e+00
1.002046346664428711e+00
1.002275228500366211e+00
1.003093242645263672e+00
9.959750771522521973e-01
1.002864241600036621e+00
9.933403730392456055e-01
1.000672340393066406e+00
1.000334262847900391e+00
9.996472597122192383e-01
1.004984855651855469e+00
9.982085824012756348e-01
1.004626154899597168e+00
1.002914309501647949e+00
9.956917166709899902e-01
9.975401759147644043e-01
9.954112172126770020e-01
1.003257036209106445e+00
9.918603897094726562e-01
1.011876583099365234e+00
9.917594790458679199e-01
9.993745088577270508e-01
9.977686405181884766e-01
9.995361566543579102e-01
1.013957262039184570e+00
9.959130883216857910e-01
1.000064492225646973e+00
9.987129569053649902e-01
9.963689446449279785e-01
1.005731701850891113e+00
9.975981116294860840e-01
9.968407750129699707e-01
9.971197843551635742e-01
9.997299313545227051e-01
1.002375602722167969e+00
9.981535077095031738e-01
1.002543687820434570e+00
9.983154535293579102e-01
9.890698790550231934e-01
1.001384139060974121e+00
1.000537514686584473e+00
1.008227586746215820e+00
9.981766343116760254e-01
1.003563880920410156e+00
1.000485062599182129e+00
1.003211736679077148e+00
9.986605048179626465e-01
1.005148172378540039e+00
1.001497268676757812e+00
1.000041484832763672e+00
1.000439643859863281e+00
1.009340763092041016e+00
1.003196597099304199e+00
9.974035620689392090e-01
9.973809123039245605e-01
1.002265334129333496e+00
1.004736304283142090e+00
9.989233016967773438e-01
9.970250129699707031e-01
9.992496967315673828e-01
9.970649480819702148e-01
1.000261545181274414e+00
1.007794618606567383e+00
9.998272657394409180e-01
1.000521779060363770e+00
1.001695752143859863e+00
9.985353946685791016e-01
9.971146583557128906e-01
9.981307387351989746e-01
9.978895783424377441e-01
9.998811483383178711e-01
1.001337289810180664e+00
9.935470819473266602e-01
1.002763509750366211e+00
9.916347265243530273e-01
1.004888772964477539e+00
9.978482723236083984e-01
1.003414988517761230e+00
1.005147695541381836e+00
9.986404776573181152e-01
9.981277585029602051e-01
1.000418663024902344e+00
9.969146847724914551e-01
9.979531168937683105e-01
1.003530859947204590e+00
9.985103607177734375e-01
1.000593662261962891e+00
9.943015575408935547e-01
1.002243757247924805e+00
1.002115249633789062e+00
9.977417588233947754e-01
9.957602024078369141e-01
1.000354409217834473e+00
1.001141309738159180e+00
9.988393783569335938e-01
9.996827244758605957e-01
9.978520274162292480e-01
1.001615285873413086e+00
9.931854009628295898e-01
9.966099262237548828e-01
9.922615885734558105e-01
1.000907301902770996e+00
1.003226399421691895e+00
1.000522017478942871e+00
9.982874393463134766e-01
1.000115752220153809e+00
9.958388209342956543e-01
9.923163652420043945e-01
9.960176944732666016e-01
9.936218261718750000e-01
9.924773573875427246e-01
9.973020553588867188e-01
1.000261783599853516e+00
9.982333183288574219e-01
9.992441534996032715e-01
1.000241279602050781e+00
9.972203373908996582e-01
1.004549860954284668e+00
1.000081658363342285e+00
9.978548884391784668e-01
9.994577765464782715e-01
9.993995428085327148e-01
9.966695308685302734e-01
9.969288706779479980e-01
1.006960749626159668e+00
9.993441104888916016e-01
1.000272035598754883e+00
9.997262954711914062e-01
9.991706609725952148e-01
9.989162087440490723e-01
9.994551539421081543e-01
9.998678565025329590e-01
1.021952867507934570e+00
9.973359704017639160e-01
9.992306232452392578e-01
9.968103766441345215e-01
1.002880930900573730e+00
1.008016705513000488e+00
1.001077532768249512e+00
9.968272447586059570e-01
9.958949089050292969e-01
1.044098377227783203e+00
1.003758311271667480e+00
9.992619156837463379e-01
9.980868697166442871e-01
9.992794394493103027e-01
9.985107779502868652e-01
1.000046730041503906e+00
9.944581389427185059e-01
9.999880194664001465e-01
1.001096129417419434e+00
