5.848960399627685547e+00
3.171077489852905273e+00
2.162284374237060547e+00
5.267641544342041016e+00
3.619143009185791016e+00
2.626280069351196289e+00
1.814718604087829590e+00
1.374715924263000488e+00
4.425058841705322266e+00
4.500966072082519531e+00
2.045436382293701172e+00
3.217712879180908203e+00
4.231188297271728516e+00
4.693000793457031250e+00
5.591903686523437500e+00
1.499658703804016113e+00
4.658036231994628906e+00
1.664078712463378906e+00
3.693219900131225586e+00
4.327476978302001953e+00
1.311255931854248047e+00
3.683456659317016602e+00
2.707849025726318359e+00
4.502647876739501953e+00
5.385883331298828125e+00
5.705984592437744141e+00
4.369383335113525391e+00
5.817830085754394531e+00
3.409478664398193359e+00
1.124969959259033203e+00
5.483647346496582031e+00
4.640191078186035156e+00
3.621074914932250977e+00
1.678718924522399902e+00
4.855487823486328125e+00
4.549291133880615234e+00
4.172331809997558594e+00
2.336006641387939453e+00
1.098813891410827637e+00
1.308513641357421875e+00
3.720877885818481445e+00
4.448564052581787109e+00
1.808215618133544922e+00
2.066956043243408203e+00
1.421920657157897949e+00
5.135155200958251953e+00
3.790775299072265625e+00
1.729676127433776855e+00
4.426853656768798828e+00
2.717919349670410156e+00
3.506012678146362305e+00
1.678644299507141113e+00
1.018280625343322754e+00
2.007598638534545898e+00
4.452528953552246094e+00
1.654833793640136719e+00
4.822390556335449219e+00
4.063502311706542969e+00
4.784119606018066406e+00
5.679225921630859375e+00
2.100591659545898438e+00
2.001449346542358398e+00
3.495251655578613281e+00
2.084167003631591797e+00
1.502958297729492188e+00
4.800476551055908203e+00
5.767333030700683594e+00
1.667301416397094727e+00
1.830144166946411133e+00
2.246880769729614258e+00
2.042963266372680664e+00
2.858386754989624023e+00
6.406012058258056641e+00
2.794798612594604492e+00
3.352657318115234375e+00
1.609987616539001465e+00
3.783070802688598633e+00
1.608377933502197266e+00
3.978229999542236328e+00
4.698473453521728516e+00
9.693908691406250000e-01
3.380106687545776367e+00
2.079479932785034180e+00
5.202361583709716797e+00
2.455802440643310547e+00
3.118185281753540039e+00
1.950234532356262207e+00
4.160081863403320312e+00
2.879624843597412109e+00
2.993460893630981445e+00
1.451312899589538574e+00
3.898216247558593750e+00
2.975538253784179688e+00
6.651696205139160156e+00
6.011567592620849609e+00
2.016798019409179688e+00
1.662462115287780762e+00
4.600690364837646484e+00
2.365918159484863281e+00
5.273539066314697266e+00
5.187848091125488281e+00
1.541649341583251953e+00
3.530645608901977539e+00
3.048763513565063477e+00
1.333922147750854492e+00
3.515057086944580078e+00
4.817378520965576172e+00
5.839272975921630859e+00
4.317493915557861328e+00
2.719571828842163086e+00
4.399845123291015625e+00
5.242136001586914062e+00
3.637983322143554688e+00
5.117433071136474609e+00
2.415739059448242188e+00
4.226886749267578125e+00
4.060637474060058594e+00
1.823749303817749023e+00
4.586019515991210938e+00
3.140448808670043945e+00
4.149549007415771484e+00
5.279671192169189453e+00
4.591049671173095703e+00
3.995291709899902344e+00
4.074739933013916016e+00
5.184890747070312500e+00
2.824776649475097656e+00
5.356391906738281250e+00
3.750442743301391602e+00
3.511739730834960938e+00
3.607466459274291992e+00
5.317118167877197266e+00
2.614024162292480469e+00
3.629436969757080078e+00
1.885565876960754395e+00
5.349039077758789062e+00
4.188071727752685547e+00
5.027258396148681641e+00
6.565582275390625000e+00
5.089079856872558594e+00
3.748775005340576172e+00
6.960942268371582031e+00
2.709168195724487305e+00
1.401258945465087891e+00
9.929866194725036621e-01
9.962859153747558594e-01
4.415310859680175781e+00
4.682235240936279297e+00
4.321259498596191406e+00
3.047594070434570312e+00
4.234505176544189453e+00
2.391769409179687500e+00
5.838196277618408203e+00
4.531759738922119141e+00
9.272444248199462891e-01
1.982149004936218262e+00
4.532882213592529297e+00
5.105279445648193359e+00
3.625222444534301758e+00
4.064013957977294922e+00
4.690172195434570312e+00
5.554982185363769531e+00
4.762006282806396484e+00
5.988751411437988281e+00
4.193113327026367188e+00
5.026480674743652344e+00
2.451989889144897461e+00
1.070497989654541016e+00
4.831969738006591797e+00
2.773561716079711914e+00
4.000012397766113281e+00
3.175495147705078125e+00
5.918902397155761719e+00
3.382312536239624023e+00
7.002491474151611328e+00
5.012016296386718750e+00
2.907603502273559570e+00
5.517738342285156250e+00
5.324760437011718750e+00
2.466577053070068359e+00
4.920243263244628906e+00
1.622912645339965820e+00
3.499254226684570312e+00
5.964305877685546875e+00
2.130067586898803711e+00
5.584656238555908203e+00
6.805388450622558594e+00
6.065693855285644531e+00
3.527830123901367188e+00
2.707530498504638672e+00
3.676682949066162109e+00
1.932438731193542480e+00
6.331457138061523438e+00
1.547478675842285156e+00
4.734515666961669922e+00
1.297300815582275391e+00
3.985694646835327148e+00
4.876479148864746094e+00
2.691114902496337891e+00
3.592642068862915039e+00
3.848050832748413086e+00
4.359285831451416016e+00
2.246611356735229492e+00
3.883990287780761719e+00
4.313759803771972656e+00
2.960837364196777344e+00
4.223672389984130859e+00
2.397668600082397461e+00
1.748968124389648438e+00
5.933673381805419922e+00
4.682473182678222656e+00
2.338062047958374023e+00
3.935910940170288086e+00
3.216542482376098633e+00
1.729863524436950684e+00
2.208541154861450195e+00
4.150284290313720703e+00
4.986477375030517578e+00
3.928988456726074219e+00
4.344388484954833984e+00
3.153354167938232422e+00
2.112506389617919922e+00
5.262020587921142578e+00
4.204929351806640625e+00
1.712174773216247559e+00
2.900453329086303711e+00
5.676093101501464844e+00
3.173482894897460938e+00
3.213851213455200195e+00
3.058851003646850586e+00
5.721244812011718750e+00
3.651184558868408203e+00
4.542704582214355469e+00
3.274580955505371094e+00
3.914975881576538086e+00
4.205724239349365234e+00
1.754968285560607910e+00
1.889801144599914551e+00
1.257388353347778320e+00
5.186536788940429688e+00
3.232009887695312500e+00
3.368141889572143555e+00
5.145235061645507812e+00
5.892924785614013672e+00
4.251840591430664062e+00
2.207672595977783203e+00
5.687088966369628906e+00
4.414726257324218750e+00
2.814311742782592773e+00
3.950248956680297852e+00
2.137986660003662109e+00
1.295045018196105957e+00
1.421680569648742676e+00
1.965197920799255371e+00
3.412273406982421875e+00
4.472961902618408203e+00
