-9.398277848958969116e-02
-2.457395046949386597e-01
-1.709823310375213623e-01
-4.054604172706604004e-01
-3.030702471733093262e-01
5.016258358955383301e-01
-1.413038372993469238e-01
-1.768932491540908813e-01
-2.318456619977951050e-01
-1.620658636093139648e-01
-2.084529846906661987e-01
-1.106137260794639587e-01
-5.031938552856445312e-01
-2.585071921348571777e-01
-6.129088997840881348e-01
-1.884010434150695801e-01
-2.724052071571350098e-01
-7.496068477630615234e-01
-2.338698953390121460e-01
-1.174396798014640808e-01
1.938793249428272247e-02
-3.746529221534729004e-01
-5.730181932449340820e-01
2.075702399015426636e-01
-6.420613527297973633e-01
-3.508065342903137207e-01
-7.117478549480438232e-02
1.003338620066642761e-01
7.028027623891830444e-02
-8.176949620246887207e-02
-2.970413863658905029e-01
-1.834079474210739136e-01
-2.746905088424682617e-01
5.264526009559631348e-01
-2.539006471633911133e-01
-2.229512333869934082e-01
3.920742273330688477e-01
-1.704522222280502319e-01
3.229065565392374992e-03
-7.105149328708648682e-02
2.767670750617980957e-01
-3.716957271099090576e-01
-1.207207422703504562e-02
-2.083727866411209106e-01
4.017536062747240067e-03
1.540855020284652710e-01
-2.215579003095626831e-01
2.616734206676483154e-01
3.958715498447418213e-01
4.727360904216766357e-01
-7.001498341560363770e-01
-2.058840543031692505e-01
-2.083770334720611572e-01
-4.542224109172821045e-01
1.832444816827774048e-01
-1.484190672636032104e-01
1.084983423352241516e-01
2.250743508338928223e-01
-1.320828050374984741e-01
3.260897397994995117e-01
-4.214440882205963135e-01
-5.397092550992965698e-02
2.456927746534347534e-01
1.926786601543426514e-01
-4.655700027942657471e-01
1.055552512407302856e-01
-4.331206083297729492e-01
-1.384010463953018188e-01
-3.450212180614471436e-01
-5.724325776100158691e-01
-7.033774256706237793e-02
-1.424243599176406860e-01
3.085048496723175049e-01
-5.196660161018371582e-01
-3.472092151641845703e-01
2.941100001335144043e-01
-2.188282161951065063e-01
3.490844368934631348e-01
-6.286740303039550781e-02
-5.406637489795684814e-02
-2.364396154880523682e-01
-1.711104363203048706e-01
-1.236146986484527588e-01
-3.138197660446166992e-01
8.907058835029602051e-02
-3.895967081189155579e-02
-1.251092851161956787e-01
-4.224771261215209961e-01
3.415416553616523743e-02
1.235877797007560730e-01
-8.113323897123336792e-02
4.323536902666091919e-02
2.418514937162399292e-01
-2.487034797668457031e-01
2.918166220188140869e-01
-3.855494856834411621e-01
6.528939604759216309e-01
8.762428537011146545e-03
-3.155505955219268799e-01
2.954778671264648438e-01
-2.110781222581863403e-01
-2.088185995817184448e-01
-3.908672034740447998e-01
-7.312731742858886719e-01
-1.379756331443786621e-01
-4.507185518741607666e-01
-5.655146241188049316e-01
1.444393098354339600e-01
-2.217258214950561523e-01
5.466227233409881592e-02
4.315153658390045166e-01
1.456179618835449219e-01
-2.246401309967041016e-01
8.483901619911193848e-02
-3.710805475711822510e-01
-5.717915892601013184e-01
-6.180441379547119141e-01
-2.655661106109619141e-01
1.148434579372406006e-01
-1.320001631975173950e-01
-1.234609037637710571e-01
-8.677769303321838379e-01
1.753774099051952362e-02
-3.426792621612548828e-01
1.953487098217010498e-01
-1.291801333427429199e-01
1.363743692636489868e-01
2.291592303663492203e-03
