9.984488487243652344e-01
1.011183142662048340e+00
9.957452416419982910e-01
1.001039385795593262e+00
9.999042153358459473e-01
1.000606060028076172e+00
9.991691112518310547e-01
9.979839324951171875e-01
9.996042251586914062e-01
1.014113306999206543e+00
1.000067114830017090e+00
9.977657198905944824e-01
1.001329183578491211e+00
1.005897402763366699e+00
9.990031123161315918e-01
1.019624590873718262e+00
9.964807629585266113e-01
9.956119060516357422e-01
9.948367476463317871e-01
9.986663460731506348e-01
1.008711099624633789e+00
9.967667460441589355e-01
9.889078140258789062e-01
9.978569149971008301e-01
9.966802597045898438e-01
9.999889135360717773e-01
9.962928295135498047e-01
9.974161386489868164e-01
9.898149371147155762e-01
9.945998787879943848e-01
1.000484704971313477e+00
1.014923453330993652e+00
1.006903052330017090e+00
9.983540773391723633e-01
1.003966212272644043e+00
1.002145051956176758e+00
9.991008639335632324e-01
9.988314509391784668e-01
9.967198967933654785e-01
1.001804351806640625e+00
1.007131576538085938e+00
9.980783462524414062e-01
1.011237382888793945e+00
9.987229704856872559e-01
9.971343278884887695e-01
1.000430822372436523e+00
9.929139614105224609e-01
9.931147694587707520e-01
1.001842021942138672e+00
1.005736470222473145e+00
1.001946806907653809e+00
1.002746462821960449e+00
1.002573490142822266e+00
1.001039266586303711e+00
9.975765347480773926e-01
9.923540949821472168e-01
9.971802830696105957e-01
1.002801537513732910e+00
1.012086153030395508e+00
9.931798577308654785e-01
9.981325268745422363e-01
1.005041718482971191e+00
1.025296092033386230e+00
9.928641915321350098e-01
1.004737377166748047e+00
9.896066188812255859e-01
9.922173619270324707e-01
1.004904747009277344e+00
9.984792470932006836e-01
9.966757893562316895e-01
9.927399754524230957e-01
9.988840818405151367e-01
9.991644620895385742e-01
9.936406016349792480e-01
1.004227042198181152e+00
1.013540983200073242e+00
9.956005215644836426e-01
9.937487840652465820e-01
1.000967741012573242e+00
9.980952739715576172e-01
1.002136826515197754e+00
1.001488566398620605e+00
1.004818677902221680e+00
1.003522634506225586e+00
9.869706034660339355e-01
1.000479459762573242e+00
1.004307508468627930e+00
1.005678534507751465e+00
9.961115717887878418e-01
9.983505010604858398e-01
1.005482077598571777e+00
1.002699613571166992e+00
9.957039356231689453e-01
9.977818131446838379e-01
1.001137137413024902e+00
1.001221060752868652e+00
9.939980506896972656e-01
9.995331764221191406e-01
1.000334620475769043e+00
9.899824261665344238e-01
9.970620870590209961e-01
9.976882338523864746e-01
9.941219687461853027e-01
9.900936484336853027e-01
1.002709746360778809e+00
1.001279711723327637e+00
9.968541860580444336e-01
1.009380459785461426e+00
1.004270553588867188e+00
9.970114827156066895e-01
9.980598688125610352e-01
1.008947968482971191e+00
1.000419735908508301e+00
1.000148057937622070e+00
9.997172355651855469e-01
9.959574341773986816e-01
9.978171586990356445e-01
9.997846484184265137e-01
9.889912605285644531e-01
9.997933506965637207e-01
9.973292946815490723e-01
1.005168795585632324e+00
9.996554255485534668e-01
1.001515507698059082e+00
9.990382790565490723e-01
1.002245426177978516e+00
1.000259995460510254e+00
1.003576397895812988e+00
1.007465720176696777e+00
1.000206828117370605e+00
1.002280354499816895e+00
1.000159621238708496e+00
1.001090407371520996e+00
9.984408020973205566e-01
9.925675988197326660e-01
1.005003333091735840e+00
1.006121754646301270e+00
9.964451789855957031e-01
9.984260797500610352e-01
9.999142885208129883e-01
9.989120364189147949e-01
1.008704423904418945e+00
1.006984591484069824e+00
9.904968738555908203e-01
1.005045056343078613e+00
9.960072636604309082e-01
1.015405416488647461e+00
9.998429417610168457e-01
9.946368932723999023e-01
1.003372430801391602e+00
9.997864365577697754e-01
1.011332273483276367e+00
9.960959553718566895e-01
9.943444728851318359e-01
9.982608556747436523e-01
9.961304068565368652e-01
9.997347593307495117e-01
9.927226305007934570e-01
9.998261332511901855e-01
1.008675336837768555e+00
9.984738230705261230e-01
1.010551571846008301e+00
9.987561106681823730e-01
1.002519845962524414e+00
9.963287711143493652e-01
1.000607848167419434e+00
1.001697778701782227e+00
1.008898973464965820e+00
9.976034760475158691e-01
9.972239136695861816e-01
9.871882796287536621e-01
9.992324113845825195e-01
9.947471618652343750e-01
1.000348567962646484e+00
9.925833940505981445e-01
9.998369812965393066e-01
1.007017254829406738e+00
9.952726364135742188e-01
9.883971810340881348e-01
9.957801699638366699e-01
1.010847449302673340e+00
1.006032705307006836e+00
1.006372094154357910e+00
1.000095129013061523e+00
9.959193468093872070e-01
9.961082339286804199e-01
1.012169837951660156e+00
9.959104657173156738e-01
9.979477524757385254e-01
9.977514147758483887e-01
9.937791824340820312e-01
1.000882148742675781e+00
1.009127974510192871e+00
1.003574252128601074e+00
9.940002560615539551e-01
9.949077367782592773e-01
1.006540775299072266e+00
1.000087261199951172e+00
9.975538253784179688e-01
9.993935227394104004e-01
1.008795142173767090e+00
9.985110163688659668e-01
9.987449049949645996e-01
9.989925622940063477e-01
9.954349398612976074e-01
1.004009604454040527e+00
1.004544973373413086e+00
9.941723942756652832e-01
1.010300397872924805e+00
1.000159740447998047e+00
1.000073075294494629e+00
1.009503006935119629e+00
1.011751413345336914e+00
1.006935715675354004e+00
9.963495135307312012e-01
9.947192072868347168e-01
1.012639284133911133e+00
1.012347936630249023e+00
1.010996699333190918e+00
1.003745675086975098e+00
1.000624299049377441e+00
9.964426159858703613e-01
1.000675916671752930e+00
1.003639101982116699e+00
1.001817107200622559e+00
9.967709183692932129e-01
9.898313879966735840e-01
1.002924561500549316e+00
9.981834888458251953e-01
1.012382388114929199e+00
1.003307819366455078e+00
1.012436509132385254e+00
9.996048808097839355e-01
9.983658790588378906e-01
9.935655593872070312e-01
9.984220862388610840e-01
1.008333325386047363e+00
1.000587344169616699e+00
9.989394545555114746e-01
9.995671510696411133e-01
9.900023937225341797e-01
9.854565262794494629e-01
1.001442193984985352e+00
1.006520628929138184e+00
9.970518350601196289e-01
9.999288916587829590e-01
1.007892727851867676e+00
9.864987134933471680e-01
1.006232619285583496e+00
1.011581301689147949e+00
9.924301505088806152e-01
9.954306483268737793e-01
1.004599452018737793e+00
9.981226921081542969e-01
9.900020360946655273e-01
1.001121163368225098e+00
9.992888569831848145e-01
1.004284381866455078e+00
9.961752295494079590e-01
9.880436062812805176e-01
9.971287846565246582e-01
9.988646507263183594e-01
9.920607805252075195e-01
9.854679703712463379e-01
9.992516040802001953e-01
1.001290202140808105e+00
9.988167285919189453e-01
9.965771436691284180e-01
1.003968954086303711e+00
1.009379267692565918e+00
1.002524018287658691e+00
9.994668960571289062e-01
9.964696168899536133e-01
1.000432610511779785e+00
1.000957846641540527e+00
1.000969648361206055e+00
9.978990554809570312e-01
1.005638003349304199e+00
1.002917766571044922e+00
1.004999160766601562e+00
9.964999556541442871e-01
1.002920269966125488e+00
1.003807783126831055e+00
9.919357299804687500e-01
9.904090762138366699e-01
9.944077134132385254e-01
9.901462793350219727e-01
9.993041753768920898e-01
9.981316328048706055e-01
1.002698659896850586e+00
9.934089183807373047e-01
1.005154848098754883e+00
9.939115643501281738e-01
1.000173926353454590e+00
1.001328468322753906e+00
1.005256414413452148e+00
1.008197784423828125e+00
9.994707703590393066e-01
1.001185297966003418e+00
1.002288103103637695e+00
9.929744005203247070e-01
1.004367232322692871e+00
1.001273036003112793e+00
1.007520437240600586e+00
9.935736656188964844e-01
9.904754161834716797e-01
9.956855773925781250e-01
9.903452396392822266e-01
9.996783733367919922e-01
9.958163499832153320e-01
1.003752112388610840e+00
1.008694291114807129e+00
9.996533989906311035e-01
1.006448030471801758e+00
1.005631208419799805e+00
9.972133636474609375e-01
1.007756710052490234e+00
9.982999563217163086e-01
1.003349423408508301e+00
1.002178907394409180e+00
1.001218676567077637e+00
9.967871904373168945e-01
1.002930045127868652e+00
9.974364638328552246e-01
9.998414516448974609e-01
9.939072728157043457e-01
1.008382797241210938e+00
1.001350522041320801e+00
9.963441491127014160e-01
9.985970258712768555e-01
1.005492925643920898e+00
9.937025904655456543e-01
1.000920891761779785e+00
1.000967383384704590e+00
9.964506626129150391e-01
9.967470169067382812e-01
9.880192279815673828e-01
1.017514586448669434e+00
9.928477406501770020e-01
9.999574422836303711e-01
9.996921420097351074e-01
9.948931336402893066e-01
9.993692040443420410e-01
9.927733540534973145e-01
1.004525065422058105e+00
1.013523817062377930e+00
9.844198226928710938e-01
9.983651041984558105e-01
1.008552908897399902e+00
9.963054656982421875e-01
9.928817749023437500e-01
1.005371332168579102e+00
9.993762969970703125e-01
9.979344010353088379e-01
9.973512887954711914e-01
1.004895448684692383e+00
9.919999837875366211e-01
9.933315515518188477e-01
9.916245341300964355e-01
9.905931949615478516e-01
1.002133965492248535e+00
1.000055789947509766e+00
1.006736159324645996e+00
9.996724128723144531e-01
1.004291534423828125e+00
9.932507276535034180e-01
1.004561424255371094e+00
9.967236518859863281e-01
9.932343959808349609e-01
9.924077391624450684e-01
1.001762986183166504e+00
9.920134544372558594e-01
1.010106563568115234e+00
1.004958391189575195e+00
9.948647022247314453e-01
9.993677735328674316e-01
9.980327486991882324e-01
9.949465394020080566e-01
1.002502679824829102e+00
9.922860860824584961e-01
9.945163726806640625e-01
1.007423877716064453e+00
9.992009997367858887e-01
9.960276484489440918e-01
1.013953924179077148e+00
9.957686066627502441e-01
9.979946017265319824e-01
9.926180243492126465e-01
1.002856969833374023e+00
9.954786300659179688e-01
9.969341158866882324e-01
1.011375308036804199e+00
9.988940358161926270e-01
1.003808259963989258e+00
1.002027273178100586e+00
1.001520156860351562e+00
9.997130632400512695e-01
9.936770796775817871e-01
1.011367917060852051e+00
1.004950881004333496e+00
9.958258271217346191e-01
1.001608848571777344e+00
1.000069141387939453e+00
1.002408742904663086e+00
9.934166669845581055e-01
1.003963351249694824e+00
1.003242373466491699e+00
1.001442790031433105e+00
9.942848682403564453e-01
1.000895977020263672e+00
9.922172427177429199e-01
1.001638412475585938e+00
1.001499772071838379e+00
9.994989037513732910e-01
1.002454996109008789e+00
9.960757493972778320e-01
9.994201064109802246e-01
1.016615152359008789e+00
1.004938840866088867e+00
9.954848885536193848e-01
9.992591738700866699e-01
1.002405524253845215e+00
9.929095506668090820e-01
1.020769000053405762e+00
1.000832200050354004e+00
1.002021551132202148e+00
1.010016441345214844e+00
1.005238175392150879e+00
9.965672492980957031e-01
9.999932050704956055e-01
1.002703428268432617e+00
9.885709285736083984e-01
9.968229532241821289e-01
1.007465124130249023e+00
9.944213628768920898e-01
9.973716139793395996e-01
9.979641437530517578e-01
9.979270696640014648e-01
9.929012060165405273e-01
9.938933253288269043e-01
9.995764493942260742e-01
1.004248619079589844e+00
9.974743127822875977e-01
1.000000119209289551e+00
9.884116649627685547e-01
1.000600457191467285e+00
9.980965256690979004e-01
1.003450274467468262e+00
1.005350232124328613e+00
1.016533374786376953e+00
9.983199834823608398e-01
1.009984731674194336e+00
9.949190020561218262e-01
9.998732209205627441e-01
1.001350998878479004e+00
1.001956582069396973e+00
9.971852898597717285e-01
1.002098441123962402e+00
9.979690313339233398e-01
9.991824030876159668e-01
1.009001374244689941e+00
9.962723255157470703e-01
9.935162663459777832e-01
9.909010529518127441e-01
9.906355738639831543e-01
1.010987401008605957e+00
9.911640286445617676e-01
1.007704734802246094e+00
1.001427650451660156e+00
1.006221890449523926e+00
1.001514196395874023e+00
1.005967140197753906e+00
1.011595964431762695e+00
1.005473494529724121e+00
1.001701593399047852e+00
9.992142319679260254e-01
9.949246048927307129e-01
1.000693559646606445e+00
9.942653775215148926e-01
9.960531592369079590e-01
1.004934072494506836e+00
9.992874264717102051e-01
9.974629282951354980e-01
9.984727501869201660e-01
1.007232308387756348e+00
9.987574815750122070e-01
9.911715984344482422e-01
9.998947381973266602e-01
1.001017451286315918e+00
1.004813432693481445e+00
9.953827857971191406e-01
1.003782153129577637e+00
1.000626087188720703e+00
1.000402212142944336e+00
1.000288605690002441e+00
9.997309446334838867e-01
9.874497056007385254e-01
9.993986487388610840e-01
1.001641511917114258e+00
1.011682271957397461e+00
1.001985669136047363e+00
9.938237667083740234e-01
9.996384978294372559e-01
9.992516040802001953e-01
9.987821578979492188e-01
1.000906229019165039e+00
1.008665561676025391e+00
9.997980594635009766e-01
1.001379728317260742e+00
9.996852278709411621e-01
9.985039234161376953e-01
1.002864956855773926e+00
9.946041703224182129e-01
9.954534173011779785e-01
9.983041882514953613e-01
9.971194863319396973e-01
1.001083135604858398e+00
1.000161170959472656e+00
1.000461459159851074e+00
1.009025573730468750e+00
9.992979764938354492e-01
9.943078756332397461e-01
9.906318783760070801e-01
9.934205412864685059e-01
1.006563305854797363e+00
1.000054717063903809e+00
9.981672167778015137e-01
1.003608942031860352e+00
9.970805644989013672e-01
9.957139492034912109e-01
9.983295798301696777e-01
9.932337403297424316e-01
1.003956079483032227e+00
1.002477765083312988e+00
1.007681250572204590e+00
9.928455352783203125e-01
1.005243182182312012e+00
9.885638952255249023e-01
1.003000020980834961e+00
9.982452392578125000e-01
9.938852190971374512e-01
1.000981688499450684e+00
1.005056738853454590e+00
9.981896877288818359e-01
9.972717761993408203e-01
9.979573488235473633e-01
9.989360570907592773e-01
9.992223381996154785e-01
9.998800754547119141e-01
1.007762670516967773e+00
1.000578999519348145e+00
9.962505102157592773e-01
9.994977712631225586e-01
9.993331432342529297e-01
1.011698484420776367e+00
1.002534031867980957e+00
9.958587288856506348e-01
9.874927401542663574e-01
9.981072545051574707e-01
1.002400636672973633e+00
9.952117800712585449e-01
1.009569883346557617e+00
9.999943971633911133e-01
1.012964963912963867e+00
9.998863339424133301e-01
1.001222014427185059e+00
1.003161191940307617e+00
9.981143474578857422e-01
9.985870718955993652e-01
9.967563152313232422e-01
1.004861116409301758e+00
1.001633763313293457e+00
1.006301045417785645e+00
1.006220459938049316e+00
1.001531839370727539e+00
1.002999901771545410e+00
1.001515150070190430e+00
1.009546637535095215e+00
9.981824159622192383e-01
9.866571426391601562e-01
9.925678372383117676e-01
9.922679066658020020e-01
9.998438358306884766e-01
1.003437519073486328e+00
9.973889589309692383e-01
9.881414175033569336e-01
1.001400589942932129e+00
1.003343701362609863e+00
9.967559576034545898e-01
9.986624121665954590e-01
9.979518651962280273e-01
9.895096421241760254e-01
9.966978430747985840e-01
9.939023852348327637e-01
9.961230158805847168e-01
9.988380074501037598e-01
9.985306859016418457e-01
1.001865744590759277e+00
1.000788569450378418e+00
9.897403120994567871e-01
9.978068470954895020e-01
1.001289486885070801e+00
1.003241300582885742e+00
1.000511407852172852e+00
9.966504573822021484e-01
9.933425188064575195e-01
1.001399278640747070e+00
1.006693124771118164e+00
9.967916011810302734e-01
1.009806632995605469e+00
9.909374117851257324e-01
1.000262737274169922e+00
9.879637956619262695e-01
1.005300164222717285e+00
9.965018630027770996e-01
1.009424448013305664e+00
1.002371549606323242e+00
9.952983260154724121e-01
9.974451661109924316e-01
9.914627075195312500e-01
1.002131223678588867e+00
1.003613471984863281e+00
1.000083684921264648e+00
9.986448884010314941e-01
9.995300769805908203e-01
9.909808039665222168e-01
1.004358291625976562e+00
9.992262125015258789e-01
9.944292902946472168e-01
1.009301424026489258e+00
1.000511169433593750e+00
1.000631809234619141e+00
9.951328039169311523e-01
1.003378510475158691e+00
9.951472282409667969e-01
1.006243705749511719e+00
9.899356365203857422e-01
9.992793798446655273e-01
9.949306845664978027e-01
1.006776213645935059e+00
1.006278157234191895e+00
9.952386021614074707e-01
1.006178379058837891e+00
9.884919524192810059e-01
1.001885175704956055e+00
9.934133887290954590e-01
1.004342675209045410e+00
9.982224106788635254e-01
9.928587079048156738e-01
9.998724460601806641e-01
9.898802042007446289e-01
1.007104635238647461e+00
9.954211115837097168e-01
1.001998424530029297e+00
9.928852915763854980e-01
1.011446714401245117e+00
1.004231572151184082e+00
1.006938815116882324e+00
1.020730853080749512e+00
9.983065724372863770e-01
9.949799776077270508e-01
9.917870163917541504e-01
9.978420734405517578e-01
9.972956776618957520e-01
1.000829577445983887e+00
1.002394437789916992e+00
9.910790920257568359e-01
1.008031129837036133e+00
1.005359888076782227e+00
9.939954876899719238e-01
1.003206014633178711e+00
9.900724887847900391e-01
1.002397656440734863e+00
9.950835108757019043e-01
9.959750175476074219e-01
9.988980293273925781e-01
1.008917212486267090e+00
1.006008386611938477e+00
1.004630208015441895e+00
1.002230644226074219e+00
9.974911808967590332e-01
1.001629233360290527e+00
1.004908084869384766e+00
9.973315596580505371e-01
9.954650402069091797e-01
1.004342436790466309e+00
9.996478557586669922e-01
9.944663643836975098e-01
1.001614928245544434e+00
1.001947999000549316e+00
1.000478029251098633e+00
1.007070064544677734e+00
9.997875690460205078e-01
9.994648694992065430e-01
1.003554582595825195e+00
1.002461075782775879e+00
9.934656023979187012e-01
1.005907654762268066e+00
1.001247882843017578e+00
1.001360177993774414e+00
9.984048008918762207e-01
1.002453923225402832e+00
1.005379319190979004e+00
9.913659095764160156e-01
9.923803806304931641e-01
9.978213310241699219e-01
9.966316819190979004e-01
1.008795857429504395e+00
1.000006437301635742e+00
9.935325384140014648e-01
1.000933766365051270e+00
1.008703231811523438e+00
9.875321388244628906e-01
1.005740523338317871e+00
9.957674741744995117e-01
1.008115530014038086e+00
9.929675459861755371e-01
1.006611704826354980e+00
9.973694086074829102e-01
1.000102281570434570e+00
9.882520437240600586e-01
1.005268096923828125e+00
9.927024841308593750e-01
9.982352256774902344e-01
1.001249432563781738e+00
9.970994591712951660e-01
9.989535212516784668e-01
1.000262141227722168e+00
9.943433403968811035e-01
1.003632307052612305e+00
9.966548681259155273e-01
1.005960941314697266e+00
9.968048334121704102e-01
9.956117868423461914e-01
9.921477437019348145e-01
9.952601790428161621e-01
9.955941438674926758e-01
9.996551871299743652e-01
1.002891063690185547e+00
1.007167220115661621e+00
1.001824736595153809e+00
9.987877011299133301e-01
9.972957372665405273e-01
9.984959959983825684e-01
9.965949058532714844e-01
1.006563067436218262e+00
1.001909494400024414e+00
1.000400543212890625e+00
9.999517202377319336e-01
9.932191371917724609e-01
9.997686743736267090e-01
9.975495934486389160e-01
1.000671267509460449e+00
9.882524013519287109e-01
1.000804543495178223e+00
9.958710670471191406e-01
9.978425502777099609e-01
1.013301253318786621e+00
9.976339340209960938e-01
9.998502731323242188e-01
9.978428483009338379e-01
1.000041007995605469e+00
1.000382542610168457e+00
1.000862240791320801e+00
9.991372227668762207e-01
9.991002082824707031e-01
9.939054250717163086e-01
1.000973701477050781e+00
9.965119957923889160e-01
9.973518848419189453e-01
1.000967860221862793e+00
1.000533580780029297e+00
1.009462118148803711e+00
1.007227182388305664e+00
9.941695332527160645e-01
1.010220527648925781e+00
1.006476640701293945e+00
1.004084587097167969e+00
1.009143114089965820e+00
1.009198069572448730e+00
1.001275539398193359e+00
9.906354546546936035e-01
1.001189470291137695e+00
1.003766775131225586e+00
1.002979755401611328e+00
9.982587695121765137e-01
9.974644184112548828e-01
1.007265686988830566e+00
1.001999258995056152e+00
1.003843307495117188e+00
9.987123608589172363e-01
9.996680617332458496e-01
9.916079044342041016e-01
9.947704076766967773e-01
9.966148734092712402e-01
9.996448159217834473e-01
9.987055063247680664e-01
1.004621028900146484e+00
1.013394951820373535e+00
9.979678392410278320e-01
9.928213953971862793e-01
1.011103391647338867e+00
9.955606460571289062e-01
1.006880164146423340e+00
1.006838202476501465e+00
1.007652640342712402e+00
1.003092050552368164e+00
1.007778167724609375e+00
1.002370238304138184e+00
9.972590208053588867e-01
1.005136251449584961e+00
1.002999901771545410e+00
1.002389192581176758e+00
1.003522634506225586e+00
1.008072972297668457e+00
1.001476883888244629e+00
1.007964491844177246e+00
9.987896084785461426e-01
1.006087779998779297e+00
1.001866936683654785e+00
1.007042169570922852e+00
1.010159373283386230e+00
1.005259156227111816e+00
1.008721232414245605e+00
1.003925442695617676e+00
9.957209825515747070e-01
1.007437825202941895e+00
9.958677291870117188e-01
1.003697991371154785e+00
9.977622032165527344e-01
9.989492893218994141e-01
1.000764369964599609e+00
9.966585636138916016e-01
9.965931177139282227e-01
9.994794726371765137e-01
9.991542100906372070e-01
1.011866092681884766e+00
1.000845193862915039e+00
9.943064451217651367e-01
1.000305414199829102e+00
9.926551580429077148e-01
9.982709884643554688e-01
9.987115263938903809e-01
1.002948999404907227e+00
9.955712556838989258e-01
9.967156052589416504e-01
9.983004927635192871e-01
9.863585829734802246e-01
9.981064200401306152e-01
9.979147911071777344e-01
9.994179606437683105e-01
9.956100583076477051e-01
9.992778897285461426e-01
9.977883696556091309e-01
1.005003809928894043e+00
9.927564263343811035e-01
9.993123412132263184e-01
9.962886571884155273e-01
1.009613633155822754e+00
9.918320775032043457e-01
1.003790497779846191e+00
9.939389228820800781e-01
9.982122182846069336e-01
1.001814246177673340e+00
9.993834495544433594e-01
1.019482851028442383e+00
9.985670447349548340e-01
9.971331357955932617e-01
1.000379323959350586e+00
9.997681379318237305e-01
1.008772850036621094e+00
9.970685839653015137e-01
9.979329705238342285e-01
9.950746297836303711e-01
1.005709648132324219e+00
1.000354290008544922e+00
1.014723420143127441e+00
9.967339038848876953e-01
1.000537395477294922e+00
1.000394821166992188e+00
9.948000311851501465e-01
9.968158006668090820e-01
1.003313541412353516e+00
9.907590150833129883e-01
9.895193576812744141e-01
9.991264343261718750e-01
1.001952767372131348e+00
1.002456426620483398e+00
1.007891058921813965e+00
9.989997148513793945e-01
1.003866910934448242e+00
9.970876574516296387e-01
1.006481766700744629e+00
1.000549554824829102e+00
9.993593096733093262e-01
9.994500875473022461e-01
9.935749173164367676e-01
1.001155018806457520e+00
9.990314245223999023e-01
9.976381063461303711e-01
1.001669287681579590e+00
1.002538919448852539e+00
9.942208528518676758e-01
9.936241507530212402e-01
9.928148984909057617e-01
1.005772352218627930e+00
1.001470923423767090e+00
1.000367283821105957e+00
9.961284995079040527e-01
9.997129440307617188e-01
1.009009003639221191e+00
1.001192569732666016e+00
1.002520561218261719e+00
1.000348091125488281e+00
9.878843426704406738e-01
1.005599856376647949e+00
9.980701804161071777e-01
1.000934720039367676e+00
1.008505463600158691e+00
9.998843669891357422e-01
9.964525103569030762e-01
1.001362800598144531e+00
1.012848019599914551e+00
9.971555471420288086e-01
9.997430443763732910e-01
9.902123212814331055e-01
1.001084804534912109e+00
1.000560641288757324e+00
9.916093349456787109e-01
9.987302422523498535e-01
9.992183446884155273e-01
9.940795898437500000e-01
9.983986616134643555e-01
1.009775161743164062e+00
9.917645454406738281e-01
1.012170076370239258e+00
9.997446537017822266e-01
9.895237088203430176e-01
9.993903040885925293e-01
1.008264064788818359e+00
1.002131462097167969e+00
1.006744861602783203e+00
9.995054602622985840e-01
1.006373882293701172e+00
1.002254724502563477e+00
9.985335469245910645e-01
9.952647089958190918e-01
9.963335394859313965e-01
1.000495195388793945e+00
9.923126101493835449e-01
1.012408852577209473e+00
1.000626683235168457e+00
1.003558158874511719e+00
1.005719423294067383e+00
1.003876566886901855e+00
9.974154829978942871e-01
9.958323240280151367e-01
1.004606127738952637e+00
1.001454830169677734e+00
9.890452027320861816e-01
1.003712058067321777e+00
9.936951994895935059e-01
9.978448748588562012e-01
1.002357959747314453e+00
9.925666451454162598e-01
9.995868206024169922e-01
9.983817338943481445e-01
9.926849007606506348e-01
9.962643384933471680e-01
9.949739575386047363e-01
9.998384714126586914e-01
1.004021883010864258e+00
1.017282247543334961e+00
9.982550740242004395e-01
9.903738498687744141e-01
9.979136586189270020e-01
9.925596117973327637e-01
1.004808545112609863e+00
9.912443757057189941e-01
1.001209616661071777e+00
9.974181056022644043e-01
9.979943633079528809e-01
1.000357627868652344e+00
1.000901460647583008e+00
9.983522891998291016e-01
9.978085160255432129e-01
9.955648183822631836e-01
1.006213188171386719e+00
9.990375041961669922e-01
9.969898462295532227e-01
1.001190900802612305e+00
9.969509243965148926e-01
9.924790263175964355e-01
9.994600415229797363e-01
9.953191876411437988e-01
1.005195379257202148e+00
1.000463604927062988e+00
1.002986311912536621e+00
1.007066488265991211e+00
1.002115011215209961e+00
9.987159967422485352e-01
9.964301586151123047e-01
9.964770674705505371e-01
9.967146515846252441e-01
9.987844824790954590e-01
9.993731379508972168e-01
1.000004887580871582e+00
9.913877844810485840e-01
1.000744342803955078e+00
1.005911946296691895e+00
1.004841089248657227e+00
9.943249821662902832e-01
9.944938421249389648e-01
9.995955228805541992e-01
1.003746390342712402e+00
1.000278472900390625e+00
9.999352693557739258e-01
1.010428905487060547e+00
1.001256227493286133e+00
9.965509176254272461e-01
9.987859129905700684e-01
9.996649622917175293e-01
9.890255928039550781e-01
1.005610585212707520e+00
