-1.093900322914123535e+00
6.271878480911254883e-01
5.258902907371520996e-01
7.485073208808898926e-01
-4.912772178649902344e-01
3.764386773109436035e-01
3.482740819454193115e-01
-5.208929181098937988e-01
4.255849719047546387e-01
8.911742568016052246e-01
-1.538624167442321777e+00
9.423950910568237305e-01
2.406783550977706909e-01
7.218681573867797852e-01
-6.431014537811279297e-01
-1.114035606384277344e+00
-1.414586663246154785e+00
4.084881767630577087e-02
3.666143417358398438e-01
6.288369297981262207e-01
2.147342264652252197e-01
1.257330894470214844e+00
-3.828187584877014160e-01
8.400090932846069336e-01
1.041998624801635742e+00
-8.041010499000549316e-01
1.207129955291748047e+00
-8.785153031349182129e-01
-4.913276135921478271e-01
-5.918817594647407532e-02
-9.518985152244567871e-01
-1.013120174407958984e+00
-8.451357483863830566e-01
-2.636139690876007080e-01
3.052179217338562012e-01
4.001785516738891602e-01
-3.273664712905883789e-01
-2.504861950874328613e-01
3.536471724510192871e-02
4.741206467151641846e-01
-4.512341916561126709e-01
9.329756498336791992e-01
6.170957684516906738e-01
-1.117385029792785645e+00
2.005056381225585938e+00
1.073020815849304199e+00
-4.840952157974243164e-01
-6.153869442641735077e-03
-8.120872378349304199e-01
-8.857561349868774414e-01
7.464241981506347656e-01
-1.085003018379211426e+00
9.930803775787353516e-01
1.340176582336425781e+00
7.497764229774475098e-01
1.428353833034634590e-03
1.366297062486410141e-02
-9.234654158353805542e-02
1.188158750534057617e+00
5.118611454963684082e-01
-2.971821427345275879e-01
7.128487229347229004e-01
-1.233415246009826660e+00
3.057680726051330566e-01
