9.904353022575378418e-01
9.950063228607177734e-01
9.873274564743041992e-01
9.902853369712829590e-01
1.002517700195312500e+00
1.031099319458007812e+00
1.019515872001647949e+00
9.986816048622131348e-01
9.999296069145202637e-01
9.875263571739196777e-01
1.020977616310119629e+00
9.878380298614501953e-01
9.951421618461608887e-01
1.044928669929504395e+00
9.779930114746093750e-01
1.020109415054321289e+00
1.009726166725158691e+00
1.004557967185974121e+00
1.002286791801452637e+00
9.813709259033203125e-01
9.898832440376281738e-01
9.833124279975891113e-01
9.984887242317199707e-01
9.899086356163024902e-01
1.037354588508605957e+00
9.679129123687744141e-01
9.896343350410461426e-01
9.924672245979309082e-01
1.101515054702758789e+00
9.874995946884155273e-01
9.968473315238952637e-01
9.898058772087097168e-01
1.034166574478149414e+00
9.959437847137451172e-01
9.888488054275512695e-01
9.288422465324401855e-01
9.879447221755981445e-01
9.914019703865051270e-01
9.953567385673522949e-01
9.936367869377136230e-01
1.047138810157775879e+00
1.028109073638916016e+00
9.877908229827880859e-01
9.944667816162109375e-01
9.969585537910461426e-01
9.974592924118041992e-01
9.737115502357482910e-01
1.040129661560058594e+00
1.028937101364135742e+00
1.017590880393981934e+00
1.019938707351684570e+00
9.961097240447998047e-01
9.888930320739746094e-01
9.927259683609008789e-01
9.806510806083679199e-01
9.550233483314514160e-01
9.891750812530517578e-01
9.954687952995300293e-01
1.004100084304809570e+00
9.717530608177185059e-01
9.974635839462280273e-01
9.626330733299255371e-01
1.000334620475769043e+00
9.977224469184875488e-01
1.016971826553344727e+00
9.955296516418457031e-01
9.887542128562927246e-01
1.040975809097290039e+00
1.008635997772216797e+00
9.696636199951171875e-01
1.001475334167480469e+00
1.020858049392700195e+00
9.793142080307006836e-01
9.926740527153015137e-01
1.005072116851806641e+00
9.843757748603820801e-01
1.009862065315246582e+00
9.815377593040466309e-01
1.007238149642944336e+00
9.895718693733215332e-01
9.832329154014587402e-01
1.011082530021667480e+00
1.013789176940917969e+00
9.973840117454528809e-01
9.998425841331481934e-01
1.028619050979614258e+00
9.990657567977905273e-01
9.805213212966918945e-01
9.986384510993957520e-01
1.004828810691833496e+00
9.968600869178771973e-01
1.020444631576538086e+00
9.977580904960632324e-01
1.050700426101684570e+00
9.753285646438598633e-01
9.610857367515563965e-01
9.982447028160095215e-01
9.602600336074829102e-01
9.605109691619873047e-01
9.707779288291931152e-01
9.802370071411132812e-01
9.926105737686157227e-01
9.953300952911376953e-01
1.003982305526733398e+00
9.738451838493347168e-01
9.733503460884094238e-01
9.794927835464477539e-01
9.617690443992614746e-01
9.783540964126586914e-01
9.844920039176940918e-01
9.965497851371765137e-01
9.898872375488281250e-01
9.940879344940185547e-01
1.006177663803100586e+00
1.005621075630187988e+00
9.928638339042663574e-01
1.008576989173889160e+00
1.008129715919494629e+00
1.072983384132385254e+00
1.074203848838806152e+00
9.858027100563049316e-01
1.008282303810119629e+00
1.117245078086853027e+00
1.017116308212280273e+00
1.005436062812805176e+00
1.001760721206665039e+00
1.022818446159362793e+00
9.637624025344848633e-01
9.832372069358825684e-01
1.019922614097595215e+00
1.009076356887817383e+00
9.976556301116943359e-01
9.881123304367065430e-01
1.013425946235656738e+00
9.986139535903930664e-01
9.784520268440246582e-01
9.914620518684387207e-01
1.024801135063171387e+00
9.858528375625610352e-01
9.920507669448852539e-01
9.956774115562438965e-01
9.604888558387756348e-01
1.010839223861694336e+00
1.008743047714233398e+00
9.852045178413391113e-01
9.989267587661743164e-01
9.758072495460510254e-01
9.914439320564270020e-01
1.000982999801635742e+00
1.002749681472778320e+00
1.010664939880371094e+00
9.818986058235168457e-01
1.020370364189147949e+00
1.008972883224487305e+00
9.903307557106018066e-01
9.934667944908142090e-01
1.012960433959960938e+00
1.108361124992370605e+00
9.866524338722229004e-01
9.950723052024841309e-01
9.994879961013793945e-01
1.047504544258117676e+00
9.533326029777526855e-01
9.797275662422180176e-01
9.924864768981933594e-01
1.089953184127807617e+00
9.968281984329223633e-01
9.793881773948669434e-01
1.251878619194030762e+00
1.028152823448181152e+00
9.876208901405334473e-01
1.000387191772460938e+00
1.001317501068115234e+00
1.039529561996459961e+00
1.094680309295654297e+00
9.708834886550903320e-01
1.050327539443969727e+00
9.654905796051025391e-01
9.763904213905334473e-01
1.043488621711730957e+00
9.561299681663513184e-01
9.919492006301879883e-01
9.848913550376892090e-01
1.002810835838317871e+00
9.940980672836303711e-01
9.937700033187866211e-01
1.001723289489746094e+00
1.051414132118225098e+00
9.911696314811706543e-01
9.671555757522583008e-01
9.845131635665893555e-01
1.039217352867126465e+00
9.776905179023742676e-01
9.879714250564575195e-01
1.006484389305114746e+00
1.009633421897888184e+00
9.799131155014038086e-01
9.996281266212463379e-01
9.667429924011230469e-01
9.720039963722229004e-01
9.738364219665527344e-01
1.019627451896667480e+00
9.776286482810974121e-01
9.518794417381286621e-01
1.008627653121948242e+00
1.003210663795471191e+00
9.573564529418945312e-01
9.882053136825561523e-01
9.758529067039489746e-01
9.754088521003723145e-01
1.007997989654541016e+00
1.017480969429016113e+00
9.803802967071533203e-01
9.920301437377929688e-01
9.982266426086425781e-01
9.554787874221801758e-01
9.809188246726989746e-01
1.187679290771484375e+00
9.827398061752319336e-01
1.002417802810668945e+00
1.000687003135681152e+00
9.932111501693725586e-01
9.953643679618835449e-01
9.968673586845397949e-01
9.817682504653930664e-01
1.087858319282531738e+00
9.954652190208435059e-01
1.032486677169799805e+00
9.747189283370971680e-01
1.066772341728210449e+00
9.757048487663269043e-01
1.023984074592590332e+00
9.910482764244079590e-01
9.985510706901550293e-01
9.830023050308227539e-01
9.887287020683288574e-01
9.999635219573974609e-01
9.843488335609436035e-01
9.861764907836914062e-01
1.017511129379272461e+00
9.939075112342834473e-01
9.809324741363525391e-01
1.012717247009277344e+00
9.951955080032348633e-01
9.945790171623229980e-01
1.006338000297546387e+00
9.972413182258605957e-01
1.000896573066711426e+00
9.818528890609741211e-01
1.060121536254882812e+00
1.015009641647338867e+00
1.001943230628967285e+00
9.981976151466369629e-01
9.962048530578613281e-01
9.983153939247131348e-01
9.933096766471862793e-01
1.005753040313720703e+00
9.642478823661804199e-01
9.964609742164611816e-01
1.017830967903137207e+00
9.779913425445556641e-01
9.440054297447204590e-01
9.910793900489807129e-01
9.765487313270568848e-01
1.002696752548217773e+00
1.055366158485412598e+00
9.980830550193786621e-01
9.995914101600646973e-01
1.004861593246459961e+00
1.018417239189147949e+00
9.745363593101501465e-01
9.837527275085449219e-01
9.935843348503112793e-01
9.867910146713256836e-01
9.928475022315979004e-01
9.980931878089904785e-01
9.844388961791992188e-01
9.707514047622680664e-01
9.973056912422180176e-01
9.808174371719360352e-01
1.074916720390319824e+00
9.563515186309814453e-01
1.027632355690002441e+00
9.838725924491882324e-01
9.773280620574951172e-01
1.003963112831115723e+00
9.779570102691650391e-01
1.057928085327148438e+00
9.844449162483215332e-01
9.920846819877624512e-01
9.644952416419982910e-01
9.792130589485168457e-01
9.909379482269287109e-01
9.860444068908691406e-01
9.929539561271667480e-01
9.803292155265808105e-01
1.003420710563659668e+00
9.943780303001403809e-01
9.917898774147033691e-01
9.973821640014648438e-01
9.972568154335021973e-01
9.724507927894592285e-01
9.641128182411193848e-01
9.971444606781005859e-01
9.800255894660949707e-01
1.053671717643737793e+00
1.001256108283996582e+00
9.919674992561340332e-01
1.020165801048278809e+00
1.038509368896484375e+00
1.002184271812438965e+00
9.930467605590820312e-01
1.039380908012390137e+00
9.898496866226196289e-01
9.985069632530212402e-01
9.646626114845275879e-01
9.840474724769592285e-01
9.876196384429931641e-01
9.972562789916992188e-01
9.859159588813781738e-01
1.008843183517456055e+00
9.879777431488037109e-01
1.003797292709350586e+00
9.939007759094238281e-01
9.649439454078674316e-01
1.005060553550720215e+00
9.925017952919006348e-01
9.914638996124267578e-01
1.006406664848327637e+00
1.159476995468139648e+00
1.012508392333984375e+00
9.773644804954528809e-01
1.027322649955749512e+00
9.822654128074645996e-01
1.004428267478942871e+00
1.003323912620544434e+00
9.772691130638122559e-01
9.738821387290954590e-01
9.765917658805847168e-01
9.675227999687194824e-01
9.700461030006408691e-01
1.114736318588256836e+00
9.869049787521362305e-01
9.983574151992797852e-01
9.670488834381103516e-01
9.862492084503173828e-01
9.800922274589538574e-01
9.867248535156250000e-01
9.925860762596130371e-01
1.006315350532531738e+00
9.660789966583251953e-01
9.738526344299316406e-01
1.027091145515441895e+00
1.002164006233215332e+00
9.832878708839416504e-01
9.902383685111999512e-01
1.032816648483276367e+00
9.770213365554809570e-01
1.010478973388671875e+00
9.642773866653442383e-01
9.553245902061462402e-01
1.007052302360534668e+00
9.650236368179321289e-01
9.925218820571899414e-01
1.003631472587585449e+00
9.975975155830383301e-01
1.006829619407653809e+00
9.598886370658874512e-01
9.820279479026794434e-01
1.029594421386718750e+00
9.952183365821838379e-01
1.000184178352355957e+00
1.021794795989990234e+00
9.941720962524414062e-01
9.835199117660522461e-01
9.851023554801940918e-01
1.015672445297241211e+00
1.003073453903198242e+00
9.842050671577453613e-01
1.005115032196044922e+00
9.897168874740600586e-01
1.034093618392944336e+00
1.008749961853027344e+00
9.863823652267456055e-01
1.015781641006469727e+00
9.913658499717712402e-01
9.938572645187377930e-01
1.033326506614685059e+00
1.001679658889770508e+00
1.008024573326110840e+00
1.015464663505554199e+00
1.029391527175903320e+00
9.606233239173889160e-01
9.770756959915161133e-01
9.745733141899108887e-01
1.003162980079650879e+00
9.919747710227966309e-01
9.657607674598693848e-01
9.502378106117248535e-01
9.895345568656921387e-01
9.758355617523193359e-01
9.920409917831420898e-01
9.834456443786621094e-01
9.963869452476501465e-01
9.985178709030151367e-01
1.020238637924194336e+00
1.000962853431701660e+00
9.698262810707092285e-01
1.009398937225341797e+00
9.743337035179138184e-01
9.836759567260742188e-01
9.967874884605407715e-01
1.052988290786743164e+00
9.695942997932434082e-01
9.735472202301025391e-01
9.724690318107604980e-01
9.951074123382568359e-01
9.889372587203979492e-01
9.824368953704833984e-01
1.059423327445983887e+00
1.008561491966247559e+00
9.805010557174682617e-01
9.939671754837036133e-01
9.949025511741638184e-01
9.825724959373474121e-01
9.909276962280273438e-01
9.933058023452758789e-01
9.890404343605041504e-01
1.010057568550109863e+00
1.058505773544311523e+00
9.886955022811889648e-01
9.941306114196777344e-01
9.679622650146484375e-01
9.855376482009887695e-01
9.735480546951293945e-01
9.781327843666076660e-01
1.011578440666198730e+00
9.687210321426391602e-01
9.960060119628906250e-01
1.017163753509521484e+00
1.014457821846008301e+00
9.642934799194335938e-01
1.008368968963623047e+00
9.811217784881591797e-01
1.000967741012573242e+00
1.047754764556884766e+00
1.002708792686462402e+00
1.029495716094970703e+00
1.023676872253417969e+00
9.738652706146240234e-01
9.818177223205566406e-01
1.010053277015686035e+00
1.017647385597229004e+00
9.927915334701538086e-01
1.041299939155578613e+00
1.055415868759155273e+00
1.017827033996582031e+00
1.023797154426574707e+00
1.038552045822143555e+00
1.088448524475097656e+00
9.740201234817504883e-01
9.825892448425292969e-01
9.704292416572570801e-01
9.678969383239746094e-01
1.031452417373657227e+00
1.006361007690429688e+00
9.897044301033020020e-01
9.963288307189941406e-01
1.004615664482116699e+00
9.940473437309265137e-01
1.016050338745117188e+00
1.264062285423278809e+00
1.014506936073303223e+00
1.003488898277282715e+00
9.717801213264465332e-01
9.738823771476745605e-01
9.998268485069274902e-01
1.004128336906433105e+00
9.814022779464721680e-01
9.730507731437683105e-01
9.714284539222717285e-01
1.077570438385009766e+00
1.020305991172790527e+00
1.005341172218322754e+00
9.458178281784057617e-01
9.946494102478027344e-01
9.941226840019226074e-01
1.006692647933959961e+00
1.028086543083190918e+00
1.053238749504089355e+00
9.854118227958679199e-01
9.774123430252075195e-01
9.778382182121276855e-01
1.017715930938720703e+00
9.811642765998840332e-01
9.870936274528503418e-01
1.004722476005554199e+00
9.686654806137084961e-01
1.072213649749755859e+00
1.004563331604003906e+00
9.956635832786560059e-01
1.003721952438354492e+00
9.938724637031555176e-01
9.779235720634460449e-01
1.050718426704406738e+00
9.541402459144592285e-01
9.919636845588684082e-01
1.004056811332702637e+00
9.820920825004577637e-01
9.892339110374450684e-01
9.981003403663635254e-01
9.758823513984680176e-01
9.739235043525695801e-01
9.806833267211914062e-01
9.836388826370239258e-01
1.002917885780334473e+00
1.005620598793029785e+00
9.516817331314086914e-01
9.856416583061218262e-01
1.007495403289794922e+00
1.004568099975585938e+00
1.011157035827636719e+00
9.939591884613037109e-01
9.778736829757690430e-01
9.926419854164123535e-01
1.008350610733032227e+00
9.949852228164672852e-01
1.011276841163635254e+00
9.837086796760559082e-01
9.751370549201965332e-01
1.004027247428894043e+00
9.723057746887207031e-01
1.034958362579345703e+00
1.059528708457946777e+00
9.909480810165405273e-01
1.005344629287719727e+00
9.939491748809814453e-01
9.783126711845397949e-01
9.770306348800659180e-01
1.019887447357177734e+00
9.758532047271728516e-01
9.879386425018310547e-01
9.962649345397949219e-01
9.918310642242431641e-01
1.010738730430603027e+00
9.788170456886291504e-01
9.872176647186279297e-01
1.016970038414001465e+00
1.018622279167175293e+00
9.656872749328613281e-01
9.763194322586059570e-01
9.969213008880615234e-01
1.059276700019836426e+00
1.004107832908630371e+00
1.027422308921813965e+00
1.068985223770141602e+00
1.010121464729309082e+00
9.710344672203063965e-01
9.890582561492919922e-01
1.003087759017944336e+00
9.635288715362548828e-01
1.003203868865966797e+00
1.022445321083068848e+00
1.002616047859191895e+00
1.022553920745849609e+00
1.014614939689636230e+00
9.985258579254150391e-01
9.850184917449951172e-01
9.968377351760864258e-01
1.020946741104125977e+00
1.022813200950622559e+00
9.760274291038513184e-01
9.866607189178466797e-01
1.003107786178588867e+00
1.091338276863098145e+00
9.995744824409484863e-01
1.038119196891784668e+00
1.026885867118835449e+00
1.075252056121826172e+00
9.936856031417846680e-01
9.774987697601318359e-01
9.946876764297485352e-01
9.837055206298828125e-01
1.050539493560791016e+00
1.137110471725463867e+00
9.995324015617370605e-01
9.720041751861572266e-01
9.950525164604187012e-01
9.882195591926574707e-01
1.066008687019348145e+00
9.667783379554748535e-01
9.812293052673339844e-01
9.958540797233581543e-01
9.972946643829345703e-01
1.004084110260009766e+00
9.875077009201049805e-01
1.063717484474182129e+00
1.003368735313415527e+00
1.063848495483398438e+00
1.006943464279174805e+00
9.968803524971008301e-01
9.922881126403808594e-01
1.000714302062988281e+00
9.840714931488037109e-01
1.012148261070251465e+00
1.008849501609802246e+00
9.751371145248413086e-01
9.983700513839721680e-01
9.855950474739074707e-01
9.775229096412658691e-01
1.090811133384704590e+00
1.048540830612182617e+00
9.826983809471130371e-01
9.933320283889770508e-01
1.005107283592224121e+00
9.829240441322326660e-01
9.885938167572021484e-01
1.002277731895446777e+00
9.798331856727600098e-01
9.726947546005249023e-01
1.061394572257995605e+00
9.882739186286926270e-01
1.001971721649169922e+00
1.032467842102050781e+00
1.036890029907226562e+00
1.054596543312072754e+00
1.023050189018249512e+00
9.417815208435058594e-01
9.677264690399169922e-01
1.138507962226867676e+00
9.854249358177185059e-01
9.943329095840454102e-01
9.961225986480712891e-01
1.004114985466003418e+00
1.044945716857910156e+00
9.994100332260131836e-01
1.003984570503234863e+00
9.858354330062866211e-01
9.820762872695922852e-01
9.644694328308105469e-01
9.720155596733093262e-01
1.006517529487609863e+00
9.882000088691711426e-01
9.919822216033935547e-01
9.621340632438659668e-01
1.038308620452880859e+00
1.000206351280212402e+00
9.856472611427307129e-01
9.903237223625183105e-01
9.744961857795715332e-01
9.977303743362426758e-01
1.029020547866821289e+00
1.012261152267456055e+00
1.008177280426025391e+00
1.027934789657592773e+00
9.906409978866577148e-01
1.070531606674194336e+00
9.582812190055847168e-01
1.004078149795532227e+00
1.030697941780090332e+00
1.029388308525085449e+00
1.000655531883239746e+00
1.038570523262023926e+00
9.996736645698547363e-01
9.757437109947204590e-01
9.775957465171813965e-01
9.818649888038635254e-01
9.758722782135009766e-01
1.056982040405273438e+00
9.750584363937377930e-01
1.029085874557495117e+00
9.899656176567077637e-01
9.930374622344970703e-01
9.898927807807922363e-01
9.941827654838562012e-01
9.837391376495361328e-01
9.871259927749633789e-01
1.001109838485717773e+00
9.719640612602233887e-01
9.749525785446166992e-01
9.748859405517578125e-01
9.737084507942199707e-01
9.772683382034301758e-01
9.698213338851928711e-01
9.960223436355590820e-01
9.931200146675109863e-01
9.679246544837951660e-01
9.904095530509948730e-01
9.937977790832519531e-01
9.701882004737854004e-01
1.020149827003479004e+00
1.022760510444641113e+00
1.014484167098999023e+00
9.703621864318847656e-01
9.884122014045715332e-01
9.650542140007019043e-01
9.697299003601074219e-01
9.814445376396179199e-01
1.017156839370727539e+00
9.879117012023925781e-01
9.682452082633972168e-01
9.964524507522583008e-01
9.687843322753906250e-01
9.701411724090576172e-01
9.998677968978881836e-01
1.002329707145690918e+00
9.912529587745666504e-01
9.782028794288635254e-01
1.027380824089050293e+00
1.049187541007995605e+00
9.819007515907287598e-01
9.997701644897460938e-01
9.963519573211669922e-01
1.013208866119384766e+00
1.032671213150024414e+00
9.924165606498718262e-01
1.005078315734863281e+00
9.951162934303283691e-01
1.008090615272521973e+00
1.001023769378662109e+00
1.007978796958923340e+00
9.606524109840393066e-01
9.853120446205139160e-01
1.017086625099182129e+00
9.900670051574707031e-01
9.986876249313354492e-01
1.002040386199951172e+00
9.804029464721679688e-01
1.023855328559875488e+00
9.752756953239440918e-01
1.062601923942565918e+00
9.767002463340759277e-01
9.912344217300415039e-01
9.880937933921813965e-01
1.012755870819091797e+00
9.856048822402954102e-01
9.568675756454467773e-01
1.062868833541870117e+00
9.657118916511535645e-01
9.726367592811584473e-01
1.022275447845458984e+00
1.050610065460205078e+00
1.024308800697326660e+00
1.001835465431213379e+00
9.733241796493530273e-01
9.941455125808715820e-01
1.034376621246337891e+00
9.858283996582031250e-01
1.005593538284301758e+00
9.941157102584838867e-01
1.004497289657592773e+00
1.017582416534423828e+00
1.002237200736999512e+00
1.083022236824035645e+00
9.983632564544677734e-01
9.522840380668640137e-01
9.941916465759277344e-01
9.530643820762634277e-01
1.021203160285949707e+00
9.962146878242492676e-01
9.717206954956054688e-01
9.597144126892089844e-01
9.801427721977233887e-01
9.754449129104614258e-01
9.690046906471252441e-01
1.160946369171142578e+00
9.806843996047973633e-01
9.947111606597900391e-01
9.764195680618286133e-01
9.996702075004577637e-01
9.991503357887268066e-01
1.006145000457763672e+00
1.009625434875488281e+00
1.001265168190002441e+00
9.755934476852416992e-01
9.738798737525939941e-01
9.987018108367919922e-01
1.073552370071411133e+00
9.884178042411804199e-01
9.833661913871765137e-01
1.081219434738159180e+00
1.007330656051635742e+00
9.724103808403015137e-01
1.005358576774597168e+00
9.863299131393432617e-01
9.600364565849304199e-01
9.957163929939270020e-01
9.856350421905517578e-01
1.013537883758544922e+00
1.006916999816894531e+00
1.019050121307373047e+00
9.891237020492553711e-01
1.027766704559326172e+00
9.937456250190734863e-01
1.003380060195922852e+00
1.002433776855468750e+00
9.971655607223510742e-01
1.014899015426635742e+00
1.031606912612915039e+00
9.781706333160400391e-01
1.011497497558593750e+00
9.712214469909667969e-01
1.056033253669738770e+00
1.000362873077392578e+00
1.010326862335205078e+00
9.742072224617004395e-01
9.991341233253479004e-01
9.985275864601135254e-01
9.946103692054748535e-01
1.003612756729125977e+00
1.020493149757385254e+00
9.984795451164245605e-01
9.871999025344848633e-01
9.842923283576965332e-01
1.014553070068359375e+00
9.779822230339050293e-01
9.953579902648925781e-01
9.641879200935363770e-01
9.879890084266662598e-01
1.000791668891906738e+00
9.491626620292663574e-01
9.924592971801757812e-01
9.918041825294494629e-01
9.952722787857055664e-01
1.004252910614013672e+00
9.862163662910461426e-01
1.001026630401611328e+00
1.012001276016235352e+00
1.109248757362365723e+00
1.024842977523803711e+00
1.003913879394531250e+00
1.006349921226501465e+00
9.935970306396484375e-01
1.002127051353454590e+00
9.911345243453979492e-01
1.002571344375610352e+00
9.711996912956237793e-01
1.020473837852478027e+00
9.738041758537292480e-01
9.977309703826904297e-01
1.000829815864562988e+00
1.004258275032043457e+00
9.964747428894042969e-01
9.499133229255676270e-01
9.827344417572021484e-01
1.014889359474182129e+00
1.043259739875793457e+00
1.013229250907897949e+00
9.836938977241516113e-01
1.001048684120178223e+00
9.767097830772399902e-01
9.705146551132202148e-01
9.666027426719665527e-01
1.003680825233459473e+00
1.029862046241760254e+00
9.716137647628784180e-01
9.725890159606933594e-01
1.023005247116088867e+00
9.515901803970336914e-01
9.856169819831848145e-01
9.974981546401977539e-01
9.938530921936035156e-01
9.943772554397583008e-01
1.014657735824584961e+00
9.802206158638000488e-01
9.945029020309448242e-01
9.775905013084411621e-01
9.901704192161560059e-01
9.910405874252319336e-01
9.975736737251281738e-01
9.903858304023742676e-01
1.010208129882812500e+00
9.902960658073425293e-01
9.856702089309692383e-01
9.689173698425292969e-01
1.017604351043701172e+00
9.900315999984741211e-01
9.783753156661987305e-01
9.931788444519042969e-01
9.864479899406433105e-01
9.867677688598632812e-01
1.086980938911437988e+00
9.769452214241027832e-01
9.779461026191711426e-01
9.873481392860412598e-01
1.005291938781738281e+00
1.009985566139221191e+00
1.099662542343139648e+00
9.651440382003784180e-01
9.657168984413146973e-01
9.888073205947875977e-01
9.756484031677246094e-01
1.067453145980834961e+00
9.849241971969604492e-01
9.543022513389587402e-01
1.011591315269470215e+00
1.073053598403930664e+00
1.007866024971008301e+00
9.759578108787536621e-01
9.893655776977539062e-01
1.028131008148193359e+00
1.011396884918212891e+00
9.918976426124572754e-01
9.947774410247802734e-01
9.687962532043457031e-01
1.003490924835205078e+00
1.003192901611328125e+00
1.010079979896545410e+00
9.980947375297546387e-01
9.986780285835266113e-01
9.864028692245483398e-01
1.009158134460449219e+00
1.048516273498535156e+00
9.768931865692138672e-01
9.680699110031127930e-01
9.638001918792724609e-01
1.012931466102600098e+00
9.426400661468505859e-01
9.950841069221496582e-01
9.864307641983032227e-01
1.005744695663452148e+00
9.825089573860168457e-01
1.023793220520019531e+00
9.997692108154296875e-01
1.009927988052368164e+00
9.967436790466308594e-01
9.887812137603759766e-01
9.786698818206787109e-01
1.058288931846618652e+00
9.793205261230468750e-01
9.925823807716369629e-01
9.882485270500183105e-01
9.778364896774291992e-01
9.817548990249633789e-01
9.939258098602294922e-01
9.922226667404174805e-01
9.891850352287292480e-01
9.847427010536193848e-01
9.627149105072021484e-01
9.791235923767089844e-01
9.636008739471435547e-01
1.009934306144714355e+00
9.966887235641479492e-01
1.012707591056823730e+00
9.812320470809936523e-01
1.005923271179199219e+00
9.530726671218872070e-01
1.086084604263305664e+00
1.031200051307678223e+00
1.006460428237915039e+00
9.936873912811279297e-01
1.002799510955810547e+00
9.904585480690002441e-01
1.018888592720031738e+00
9.875203371047973633e-01
1.001263499259948730e+00
1.007950901985168457e+00
1.011405229568481445e+00
1.015109419822692871e+00
1.002673745155334473e+00
9.992410540580749512e-01
9.793199300765991211e-01
9.973459839820861816e-01
9.977053999900817871e-01
1.004628181457519531e+00
1.033029079437255859e+00
9.926525354385375977e-01
1.021102786064147949e+00
9.948372244834899902e-01
1.022623181343078613e+00
9.713198542594909668e-01
9.728588461875915527e-01
9.709213972091674805e-01
9.767199754714965820e-01
9.853093028068542480e-01
1.008363485336303711e+00
1.042520999908447266e+00
9.737293720245361328e-01
9.684944152832031250e-01
1.004030108451843262e+00
9.931496977806091309e-01
1.032291531562805176e+00
9.914368391036987305e-01
9.815734624862670898e-01
9.945885539054870605e-01
1.033308982849121094e+00
9.981041550636291504e-01
9.930295348167419434e-01
9.952097535133361816e-01
9.542536139488220215e-01
1.001445055007934570e+00
9.730538725852966309e-01
9.759231805801391602e-01
1.002420783042907715e+00
1.037028670310974121e+00
9.874786138534545898e-01
1.002403974533081055e+00
9.858356118202209473e-01
9.892661571502685547e-01
1.076955676078796387e+00
1.024632811546325684e+00
1.003489255905151367e+00
1.003922820091247559e+00
9.801549911499023438e-01
1.066105127334594727e+00
1.002094149589538574e+00
9.552047848701477051e-01
9.767769575119018555e-01
9.961152672767639160e-01
9.946491122245788574e-01
9.986137747764587402e-01
9.994984269142150879e-01
9.977872371673583984e-01
9.870361089706420898e-01
1.006716251373291016e+00
9.788521528244018555e-01
9.779116511344909668e-01
9.945290684700012207e-01
9.712349772453308105e-01
9.946586489677429199e-01
9.701231718063354492e-01
9.994812011718750000e-01
9.862048625946044922e-01
9.760758876800537109e-01
