-2.385248243808746338e-02
2.336871344596147537e-03
-1.461838278919458389e-02
1.986719854176044464e-02
6.563076749444007874e-04
1.537735387682914734e-02
1.800470054149627686e-03
-3.152271267026662827e-03
-5.968874320387840271e-03
-1.948445662856101990e-02
9.840345010161399841e-03
9.760320186614990234e-03
-1.138830464333295822e-02
-8.366850088350474834e-04
-1.427330356091260910e-02
4.235480446368455887e-03
1.154230628162622452e-02
-2.293222770094871521e-02
4.836138337850570679e-03
-3.782796673476696014e-03
-6.813464220613241196e-03
6.400927901268005371e-03
1.849092775955796242e-03
4.164964891970157623e-03
-2.324593719094991684e-03
1.568889594636857510e-03
-2.325055189430713654e-03
1.984690129756927490e-02
-4.283655900508165359e-03
-1.273358799517154694e-02
-1.435407157987356186e-02
-4.703186452388763428e-03
-8.465613238513469696e-03
3.502754867076873779e-02
-7.724124472588300705e-03
-7.841826416552066803e-03
-1.162768807262182236e-02
-7.682682946324348450e-03
4.951845621690154076e-04
-2.536516450345516205e-02
-9.634776972234249115e-03
-8.857466280460357666e-03
2.950894460082054138e-02
-9.906707331538200378e-03
3.987633436918258667e-02
-4.774677567183971405e-03
2.224589698016643524e-03
-3.721971297636628151e-03
-1.810446730814874172e-03
-8.408904541283845901e-04
-4.877886734902858734e-03
2.239804714918136597e-03
1.945705036632716656e-03
-1.070357300341129303e-02
-5.747270188294351101e-04
-6.117573939263820648e-03
-1.186255551874637604e-02
2.653736807405948639e-02
-6.475402042269706726e-03
-5.194648168981075287e-03
-2.157143317162990570e-02
-8.084792643785476685e-03
-2.281930064782500267e-03
-2.627946995198726654e-02
-6.183818913996219635e-03
-8.231225423514842987e-03
1.080776192247867584e-02
-6.745720747858285904e-03
1.408529467880725861e-02
-2.040026336908340454e-02
1.264999038539826870e-03
-5.312682129442691803e-03
-1.863800548017024994e-02
-1.428425684571266174e-02
-1.139578875154256821e-03
-1.104724314063787460e-02
-4.678320256061851978e-04
-1.642725546844303608e-03
1.571498066186904907e-02
2.530175261199474335e-02
-1.107867062091827393e-02
-5.804854445159435272e-04
3.760707331821322441e-03
-1.785426586866378784e-02
1.549791311845183372e-03
6.928282324224710464e-03
3.464378882199525833e-03
-9.660540148615837097e-03
-4.534973297268152237e-03
-1.227770000696182251e-02
5.219602491706609726e-03
1.539233606308698654e-02
-7.821456529200077057e-03
-4.121470265090465546e-03
9.896202012896537781e-03
1.870091073215007782e-02
2.659623697400093079e-02
-2.159235812723636627e-02
-2.155566588044166565e-02
-4.171155858784914017e-03
-1.067439746111631393e-02
-1.027267146855592728e-02
-1.294379774481058121e-02
-9.590246714651584625e-03
-1.991532975807785988e-03
-9.777636267244815826e-03
3.408371470868587494e-03
-4.050590097904205322e-03
-7.843332365155220032e-03
-1.498730201274156570e-02
-2.732316963374614716e-03
9.231801959685981274e-04
1.301221735775470734e-02
2.089956402778625488e-02
4.760260228067636490e-03
-1.734294183552265167e-02
-1.406140066683292389e-02
-9.488467127084732056e-03
3.990183759015053511e-04
2.718853764235973358e-03
4.061004612594842911e-03
1.599232852458953857e-02
2.747854741755872965e-04
2.807003911584615707e-03
-1.942073926329612732e-02
-1.508951652795076370e-02
-1.130878366529941559e-02
-3.202853491529822350e-03
-1.285429857671260834e-02
2.587151713669300079e-03
-1.053563039749860764e-02
-5.043891258537769318e-03
-4.006165079772472382e-03
-5.131484474986791611e-03
2.592203766107559204e-02
2.382356207817792892e-03
-1.455952785909175873e-02
1.417447719722986221e-02
6.044760346412658691e-03
2.078275755047798157e-02
3.548925742506980896e-03
-2.779429079964756966e-03
6.319024134427309036e-03
-1.066850312054157257e-02
3.169642761349678040e-02
-3.845191560685634613e-03
-1.809520646929740906e-02
2.231235057115554810e-02
-7.339756935834884644e-03
-8.167447522282600403e-03
-8.738289587199687958e-03
-2.503111772239208221e-02
8.237996138632297516e-03
1.284255646169185638e-03
-3.364592266734689474e-04
-5.002804566174745560e-03
8.529329672455787659e-03
-5.201221909373998642e-03
-2.098113484680652618e-02
-6.437317468225955963e-03
-2.156101912260055542e-02
-7.005897816270589828e-03
-7.797496858984231949e-03
-1.864778250455856323e-02
1.536456868052482605e-03
-1.026583090424537659e-02
-8.311402052640914917e-03
-3.022779943421483040e-03
-4.156313836574554443e-03
-8.034699596464633942e-03
4.082588944584131241e-03
5.078805843368172646e-04
-8.601957000792026520e-03
-2.324358094483613968e-03
-1.243616919964551926e-03
2.075338922441005707e-02
1.112033519893884659e-02
6.909791380167007446e-03
-2.376596815884113312e-02
-3.007418941706418991e-03
-2.116892486810684204e-02
-8.015595376491546631e-03
1.454996597021818161e-02
-1.316120848059654236e-02
9.734030812978744507e-03
4.683339502662420273e-03
-1.169452816247940063e-02
1.319753006100654602e-02
6.987115833908319473e-03
-1.248253043740987778e-02
-5.407118238508701324e-03
1.837506704032421112e-02
-8.631023229099810123e-04
-1.480052620172500610e-02
3.208448737859725952e-02
-1.026091352105140686e-02
-8.469707332551479340e-03
-1.601972151547670364e-03
-1.366156339645385742e-02
-6.041677668690681458e-03
-1.266047358512878418e-02
2.373127965256571770e-03
-1.335375569760799408e-02
-4.264214076101779938e-03
-6.263054441660642624e-03
2.582259010523557663e-03
-1.898350007832050323e-02
-1.822668686509132385e-02
1.338202599436044693e-02
2.792526502162218094e-03
-1.027008891105651855e-02
-8.643127046525478363e-03
-1.402614079415798187e-02
5.112737417221069336e-04
-1.622611423954367638e-03
-1.768562756478786469e-02
-1.157886907458305359e-02
4.954134579747915268e-03
-8.396120741963386536e-03
-4.291527904570102692e-03
1.027340162545442581e-02
3.543297946453094482e-02
-3.122363472357392311e-03
1.198201440274715424e-03
1.880142092704772949e-02
-2.406382001936435699e-03
5.872057750821113586e-03
9.784124791622161865e-03
-5.190626325202174485e-05
-1.852571265771985054e-03
-1.591430191183462739e-04
-1.124104205518960953e-02
-2.354784496128559113e-02
7.009021472185850143e-03
8.497344329953193665e-03
-1.826022402383387089e-03
-5.176269914954900742e-03
7.732589263468980789e-03
-1.126494724303483963e-02
5.468505900353193283e-03
1.234150584787130356e-02
4.915373399853706360e-03
-2.719455398619174957e-03
1.574654504656791687e-02
-2.479041367769241333e-02
-4.999865312129259109e-03
-1.327138021588325500e-02
-2.023657597601413727e-02
-5.686915013939142227e-03
-4.812701605260372162e-03
-3.270693123340606689e-03
-1.536352280527353287e-02
8.750663138926029205e-03
-8.073560893535614014e-03
-1.755292760208249092e-03
-7.368095219135284424e-03
8.230680599808692932e-03
-1.382210291922092438e-02
-9.341855533421039581e-03
-1.101267803460359573e-02
-3.387672593817114830e-03
-7.389718666672706604e-03
3.254598937928676605e-03
-4.917996702715754509e-04
-1.594484038650989532e-02
2.021179534494876862e-03
-8.111955597996711731e-03
6.183609366416931152e-03
-2.276288811117410660e-03
-3.451575990766286850e-03
5.219920072704553604e-03
1.862246775999665260e-03
7.167652714997529984e-03
2.506018150597810745e-03
-2.140724100172519684e-03
-1.302423607558012009e-02
-1.996335573494434357e-02
1.286555919796228409e-02
2.171730063855648041e-02
-1.196367014199495316e-02
8.210581727325916290e-03
-1.182946842163801193e-02
-7.965556345880031586e-03
3.578577563166618347e-02
-1.539063453674316406e-02
-7.191454060375690460e-03
2.035838086158037186e-03
1.755858189426362514e-03
3.236554795876145363e-03
8.204561658203601837e-03
7.061699405312538147e-03
2.309403382241725922e-03
7.808576803654432297e-03
1.154895778745412827e-02
-1.284520607441663742e-02
-2.819651551544666290e-02
-4.535477608442306519e-03
-2.067824825644493103e-02
-4.773346707224845886e-03
-7.556605269201099873e-04
3.397306427359580994e-03
-1.503295544534921646e-02
-1.249609249498462304e-05
-1.316192653030157089e-02
-9.194210171699523926e-03
-2.336609736084938049e-02
-7.134314626455307007e-03
-8.890836499631404877e-03
-7.517291232943534851e-03
-1.058683265000581741e-03
-2.312410157173871994e-03
5.840369965881109238e-03
-9.527855552732944489e-03
-1.884687133133411407e-02
-1.450673118233680725e-02
-9.535604156553745270e-03
-1.895286515355110168e-02
-6.966940127313137054e-03
3.930260892957448959e-03
-1.386377215385437012e-02
-1.578751392662525177e-02
-5.138180684298276901e-03
9.017996490001678467e-03
1.656463742256164551e-02
3.641761140897870064e-03
-2.422371180728077888e-03
-9.650560095906257629e-03
2.379990369081497192e-02
9.798435348784551024e-05
-6.302217021584510803e-03
2.449382841587066650e-02
2.569104731082916260e-02
8.654140867292881012e-03
3.070856211706995964e-03
-1.868429942987859249e-03
2.253476704936474562e-04
-5.865579936653375626e-03
-6.344852969050407410e-03
-2.800579648464918137e-03
-6.001845467835664749e-03
1.919951103627681732e-02
-4.318496678024530411e-03
2.228388749063014984e-02
-1.089900452643632889e-02
2.742056502029299736e-03
-1.014383137226104736e-02
-5.316437687724828720e-03
-4.872845020145177841e-03
1.517609693109989166e-02
-8.174807764589786530e-03
-6.696368567645549774e-03
-8.968808688223361969e-03
8.694663643836975098e-03
1.649299822747707367e-02
1.587083563208580017e-02
-1.027543935924768448e-02
7.633361499756574631e-03
-2.131342422217130661e-03
-4.093972966074943542e-03
1.700991019606590271e-02
4.880468361079692841e-03
2.431880682706832886e-02
1.255083596333861351e-03
-1.095081213861703873e-02
1.906413771212100983e-02
-9.131030179560184479e-03
5.597060080617666245e-03
2.881429973058402538e-04
-6.461841519922018051e-03
-2.143465541303157806e-02
-2.108606509864330292e-03
-6.702239043079316616e-04
-9.840789251029491425e-03
-1.550276763737201691e-02
3.699039807543158531e-03
-1.613834127783775330e-02
2.284604415763169527e-04
6.385313463397324085e-04
-7.248840760439634323e-03
-5.964483600109815598e-03
-7.732646074146032333e-03
-1.257818564772605896e-02
-1.517728809267282486e-02
6.773318164050579071e-03
-1.388787757605314255e-02
2.811477286741137505e-03
1.892070658504962921e-02
-5.397282540798187256e-03
1.185811217874288559e-02
-2.766559645533561707e-02
9.843178093433380127e-03
-1.121138129383325577e-02
8.802884258329868317e-03
2.656413940712809563e-03
2.424551406875252724e-03
-9.974309243261814117e-03
6.575606297701597214e-03
-3.696862608194351196e-03
-5.752688739448785782e-03
-3.140139393508434296e-03
-7.434638217091560364e-03
-8.666144683957099915e-03
-1.380422897636890411e-02
5.269085988402366638e-03
1.900760456919670105e-02
-5.900687538087368011e-03
-1.746904291212558746e-02
1.113699632696807384e-03
-2.087563835084438324e-02
2.960282843559980392e-03
-9.759403765201568604e-03
-5.303610581904649734e-03
-1.543771754950284958e-02
-1.058917492628097534e-02
-1.319834869354963303e-02
-2.027710527181625366e-02
1.326093934039818123e-05
-5.646016448736190796e-03
-9.307955391705036163e-03
-6.093671545386314392e-03
1.427361182868480682e-02
-3.175781806930899620e-03
-1.449772901833057404e-02
6.639015860855579376e-03
7.439054083079099655e-03
-6.447369232773780823e-03
4.645507317036390305e-03
1.475703087635338306e-03
7.579771918244659901e-04
-8.361917920410633087e-03
1.769104413688182831e-02
-3.426126902922987938e-03
-1.504292339086532593e-02
7.925980724394321442e-03
5.008063465356826782e-02
-1.135328318923711777e-02
-8.738633245229721069e-03
9.174703620374202728e-03
8.115470409393310547e-03
4.731236491352319717e-03
-2.768403850495815277e-02
-4.560408706311136484e-04
-4.015836864709854126e-03
-2.758553437888622284e-02
-8.775254711508750916e-03
-1.486723031848669052e-02
1.743736676871776581e-02
-6.192791275680065155e-03
-9.479339234530925751e-03
-5.308051127940416336e-03
4.953292664140462875e-04
-1.115590054541826248e-02
-6.341210566461086273e-03
-8.838219568133354187e-03
-1.261981017887592316e-02
4.242581780999898911e-03
7.599642034620046616e-03
3.325700236018747091e-04
-7.141042966395616531e-03
-1.202104520052671432e-02
-1.243810448795557022e-02
7.852355018258094788e-03
-4.462552024051547050e-04
-1.429333444684743881e-02
-9.159930981695652008e-03
-6.960871163755655289e-03
-1.589621650055050850e-03
7.834278978407382965e-03
8.780428208410739899e-03
-1.647633849643170834e-03
-2.430691756308078766e-02
8.635017089545726776e-03
-3.421117318794131279e-03
8.621311746537685394e-03
-3.385174786671996117e-03
-2.200235612690448761e-03
5.233466625213623047e-03
1.641267724335193634e-02
1.359814545139670372e-03
-1.468176767230033875e-02
3.494868054986000061e-02
-1.354744099080562592e-02
2.553147962316870689e-03
9.398899041116237640e-03
5.580745637416839600e-03
1.493579242378473282e-02
-2.068447647616267204e-03
-1.988330483436584473e-02
-6.495052366517484188e-04
-5.664431490004062653e-03
4.347699228674173355e-03
-7.996068336069583893e-03
-1.643349789083003998e-02
4.093077499419450760e-03
-7.327621337026357651e-03
1.591461896896362305e-02
-5.214835982769727707e-03
-1.058662310242652893e-03
-5.051545798778533936e-03
-5.530561786144971848e-03
-1.279087504372000694e-03
-6.219572387635707855e-03
-7.402939721941947937e-03
-1.416682079434394836e-02
2.172546647489070892e-02
-2.598467096686363220e-02
2.971357898786664009e-03
2.682331716641783714e-03
2.130610868334770203e-02
2.862176671624183655e-02
-1.741974614560604095e-02
3.036978188902139664e-03
