-2.007598161697387695e+00
-2.561672031879425049e-01
-5.985813140869140625e-01
-3.159754276275634766e-01
3.728008508682250977e+00
6.429165601730346680e-01
-3.730706214904785156e+00
-1.645601391792297363e+00
6.904681921005249023e-01
-5.052577018737792969e+00
1.137375235557556152e+00
-6.292715549468994141e+00
7.224196195602416992e-01
1.587573409080505371e+00
1.728004097938537598e+00
1.120980024337768555e+00
3.567988872528076172e+00
-8.430871963500976562e-01
1.615425586700439453e+00
2.994577407836914062e+00
3.279823780059814453e+00
-2.372128665447235107e-01
4.791961669921875000e+00
-1.461390018463134766e+00
-3.190523624420166016e+00
5.249518394470214844e+00
2.798898696899414062e+00
2.163004875183105469e+00
8.455979228019714355e-01
-5.395035266876220703e+00
-2.667994022369384766e+00
-2.329337596893310547e+00
-3.065871477127075195e+00
-1.583336234092712402e+00
2.067751169204711914e+00
4.886755466461181641e+00
-3.294799566268920898e+00
2.992923259735107422e+00
5.007809638977050781e+00
-2.547391653060913086e+00
5.121716499328613281e+00
-5.901663899421691895e-01
-1.252437949180603027e+00
-8.392726629972457886e-02
3.587100982666015625e+00
2.007185220718383789e+00
-1.002710163593292236e-01
-1.281549692153930664e+00
-9.570151567459106445e-01
4.823270320892333984e+00
-2.969283580780029297e+00
-4.406525135040283203e+00
1.169454216957092285e+00
3.222249984741210938e+00
-2.468739986419677734e+00
4.911490917205810547e+00
-3.049065828323364258e+00
8.746701478958129883e-01
-5.296244621276855469e+00
4.099670886993408203e+00
-2.413607120513916016e+00
3.140958547592163086e+00
3.423951625823974609e+00
-1.698899269104003906e+00
-5.050574779510498047e+00
2.736480951309204102e+00
-8.964877575635910034e-02
4.895476818084716797e+00
-2.312335014343261719e+00
-3.873793840408325195e+00
-2.075560092926025391e+00
7.794731259346008301e-01
-1.468286037445068359e+00
2.309225082397460938e+00
5.600021362304687500e+00
-4.395943164825439453e+00
-4.550990581512451172e+00
5.543415069580078125e+00
3.469630002975463867e+00
-2.026074886322021484e+00
-1.411681771278381348e+00
5.172112941741943359e+00
1.990518927574157715e+00
-3.494499444961547852e+00
-6.932099908590316772e-02
-2.163802862167358398e+00
-3.870719432830810547e+00
-3.771803855895996094e+00
-9.989382326602935791e-02
-1.502740502357482910e+00
-2.734585762023925781e+00
-1.622190594673156738e+00
5.081786632537841797e+00
-1.027232885360717773e+00
-1.590915918350219727e+00
-3.918704032897949219e+00
-6.154246807098388672e+00
-9.860156774520874023e-01
-2.040110349655151367e+00
-2.732508897781372070e+00
-2.403874397277832031e+00
-1.818317770957946777e+00
5.203233242034912109e+00
-2.564540386199951172e+00
-4.462721824645996094e+00
-2.986795663833618164e+00
-4.079882621765136719e+00
-2.647686243057250977e+00
-2.812560796737670898e+00
-1.044754266738891602e+00
4.362164497375488281e+00
-4.527564525604248047e+00
1.015514373779296875e+00
-2.591145038604736328e-01
9.574021697044372559e-01
6.791842579841613770e-01
3.529680728912353516e+00
-3.500654935836791992e+00
-2.111035436391830444e-01
-1.961173295974731445e+00
-4.862524509429931641e+00
1.227586746215820312e+00
2.364788293838500977e+00
3.647021770477294922e+00
-4.650740146636962891e+00
-4.632242679595947266e+00
4.198319911956787109e+00
-2.175923109054565430e+00
1.076447844505310059e+00
1.764027595520019531e+00
-1.310201764106750488e+00
2.006125926971435547e+00
2.797397971153259277e-01
-3.688972473144531250e+00
1.154100179672241211e+00
-6.965825557708740234e+00
-3.826002836227416992e+00
-4.225567281246185303e-01
-4.768686294555664062e+00
2.791324853897094727e+00
-2.382053136825561523e+00
2.708096742630004883e+00
3.660485744476318359e+00
1.597027897834777832e+00
-1.619910001754760742e+00
-1.466610431671142578e+00
-4.354920864105224609e+00
2.619115829467773438e+00
2.078351676464080811e-01
4.015860557556152344e+00
-1.178576983511447906e-02
-3.529412508010864258e+00
6.071969509124755859e+00
2.722733974456787109e+00
6.033374071121215820e-01
-4.045412540435791016e+00
5.846618413925170898e-01
3.975548267364501953e+00
-2.518159151077270508e+00
6.851012706756591797e+00
-2.543731689453125000e+00
-2.088035345077514648e+00
-2.507452011108398438e+00
-2.639941930770874023e+00
2.173749208450317383e+00
-3.102752923965454102e+00
-2.675798892974853516e+00
5.399610042572021484e+00
-3.116071462631225586e+00
3.851682901382446289e+00
-1.191671013832092285e+00
-2.421571969985961914e+00
-5.268247604370117188e+00
2.273527830839157104e-01
-3.568701744079589844e+00
1.608767986297607422e+00
3.137647628784179688e+00
1.506337881088256836e+00
-5.804900646209716797e+00
-2.840693295001983643e-01
-3.467581987380981445e+00
-3.758011162281036377e-01
-1.712398648262023926e+00
-3.196871280670166016e+00
3.091969251632690430e+00
-3.155247271060943604e-01
-3.467229843139648438e+00
-1.795972585678100586e+00
-2.348166942596435547e+00
-3.678776025772094727e+00
4.602133750915527344e+00
1.019443124532699585e-01
3.038078069686889648e+00
-4.215911865234375000e+00
3.818306446075439453e+00
4.832307815551757812e+00
-2.429364204406738281e+00
-2.432212114334106445e+00
-5.573534011840820312e+00
-3.183692932128906250e+00
-2.566428661346435547e+00
-6.185837090015411377e-02
-3.174386501312255859e+00
1.535509586334228516e+00
-3.700403928756713867e+00
2.028417587280273438e+00
-4.733500480651855469e+00
-3.140400409698486328e+00
-6.956121921539306641e+00
-4.549618244171142578e+00
3.705332040786743164e+00
-6.875025749206542969e+00
3.522445201873779297e+00
-6.097881197929382324e-01
-1.075207829475402832e+00
5.483320355415344238e-01
3.136564254760742188e+00
-1.628955721855163574e+00
3.662127256393432617e+00
-2.286771535873413086e+00
-2.519942283630371094e+00
-3.256799876689910889e-01
4.411152362823486328e+00
-3.106800794601440430e+00
-2.710750579833984375e+00
-3.587847203016281128e-02
3.618212699890136719e+00
-3.592488288879394531e+00
2.603215694427490234e+00
9.939383864402770996e-01
-5.546812534332275391e+00
-1.577340483665466309e+00
-4.145230293273925781e+00
-2.793537855148315430e+00
6.559039592742919922e+00
4.848895549774169922e+00
-4.485067367553710938e+00
-5.109141349792480469e+00
-2.887646436691284180e+00
-1.318903803825378418e+00
6.095785498619079590e-01
-2.216610193252563477e+00
4.388233661651611328e+00
-3.258814811706542969e+00
4.775757789611816406e+00
1.600255489349365234e+00
-1.693583250045776367e+00
-3.766888618469238281e+00
8.594756722450256348e-01
-4.830145835876464844e+00
-6.371440887451171875e+00
-3.784429788589477539e+00
-2.350931167602539062e+00
-4.725179672241210938e+00
-2.605163335800170898e+00
-1.497889995574951172e+00
-4.252214431762695312e+00
-7.055902481079101562e+00
-2.265313148498535156e+00
4.137627601623535156e+00
4.612225055694580078e+00
1.478004932403564453e+00
-2.297710180282592773e+00
-2.190259456634521484e+00
2.616409301757812500e+00
-3.698645353317260742e+00
6.683054566383361816e-01
1.169027686119079590e+00
-3.810388088226318359e+00
4.459284305572509766e+00
-3.188097715377807617e+00
4.644843578338623047e+00
-3.434842824935913086e+00
4.539058506488800049e-01
5.915181636810302734e-01
4.891150474548339844e+00
1.382294535636901855e+00
2.840385735034942627e-01
-7.153042316436767578e+00
4.423260688781738281e+00
-4.379504919052124023e-01
1.370800852775573730e+00
-1.599795341491699219e+00
-3.845820426940917969e+00
-4.375744819641113281e+00
-6.801363229751586914e-01
-1.373564600944519043e+00
5.883015155792236328e+00
-9.394280910491943359e-01
5.856147289276123047e+00
2.902300119400024414e+00
-2.092282056808471680e+00
-5.064796447753906250e+00
-3.422970771789550781e-01
3.300104379653930664e+00
-2.968507409095764160e-01
5.461131334304809570e-01
-5.081982135772705078e+00
-4.354538440704345703e+00
-3.023914337158203125e+00
-3.258671522140502930e+00
-1.720791101455688477e+00
-1.553767621517181396e-01
9.850710630416870117e-01
3.148862361907958984e+00
-3.513384342193603516e+00
-3.105265855789184570e+00
2.165117301046848297e-02
-3.473277568817138672e+00
4.767570018768310547e+00
6.147741794586181641e+00
3.184418201446533203e+00
4.583245277404785156e+00
-2.944492578506469727e+00
-1.705545425415039062e+00
-3.892618894577026367e+00
5.028932094573974609e+00
3.290129661560058594e+00
2.852508068084716797e+00
7.102239876985549927e-02
1.944190025329589844e+00
2.170451641082763672e+00
-1.018277034163475037e-01
1.972748756408691406e+00
-3.476630449295043945e-01
2.832896947860717773e+00
-3.538059711456298828e+00
-4.092894077301025391e+00
-3.992023944854736328e+00
-4.357405185699462891e+00
2.640153169631958008e+00
4.774420261383056641e-01
-1.209515094757080078e+00
2.715579509735107422e+00
-2.277799367904663086e+00
3.338864803314208984e+00
4.378975868225097656e+00
1.920664906501770020e+00
9.802106767892837524e-02
5.940818190574645996e-01
-3.225734710693359375e+00
3.592650413513183594e+00
-2.593992710113525391e+00
6.245431900024414062e+00
6.135815382003784180e-01
-3.559825420379638672e+00
-6.789542198181152344e+00
-3.932105302810668945e-01
-3.359118461608886719e+00
-4.848656356334686279e-01
3.972433507442474365e-01
3.648523569107055664e+00
3.312003612518310547e-01
-1.438788890838623047e+00
2.332926750183105469e+00
-7.150156795978546143e-02
4.272708296775817871e-01
5.299409389495849609e+00
-1.463325858116149902e+00
9.765943884849548340e-01
4.450259685516357422e+00
-1.925120592117309570e+00
2.334066390991210938e+00
5.031981468200683594e+00
-4.216483592987060547e+00
2.264895915985107422e+00
2.581654548645019531e+00
-3.991324305534362793e-01
2.846332788467407227e+00
-1.812605857849121094e+00
2.760489940643310547e+00
-5.118497371673583984e+00
-1.345453858375549316e+00
1.358350515365600586e+00
2.465215444564819336e+00
-2.110351085662841797e+00
1.969667196273803711e+00
-4.447792053222656250e+00
-2.816548585891723633e+00
-6.388710021972656250e+00
-3.334366083145141602e+00
-4.718007087707519531e+00
3.184098005294799805e+00
8.532301187515258789e-01
3.690234661102294922e+00
-3.822395563125610352e+00
-3.793384432792663574e-01
3.292431116104125977e+00
-2.765492439270019531e+00
3.542528450489044189e-01
2.823333978652954102e+00
-1.142508983612060547e+00
-4.294357776641845703e+00
-3.370930433273315430e+00
1.930343747138977051e+00
-2.631481170654296875e+00
-2.949445962905883789e+00
4.326914787292480469e+00
1.981652736663818359e+00
-1.746334671974182129e+00
-2.493108510971069336e+00
-3.920682430267333984e+00
4.557461261749267578e+00
2.039359331130981445e+00
-9.392002224922180176e-02
-8.177329897880554199e-01
-4.653487682342529297e+00
4.146251201629638672e+00
3.639592885971069336e+00
5.305320262908935547e+00
-3.248251199722290039e+00
4.218832969665527344e+00
5.287156581878662109e+00
-5.334301948547363281e+00
-2.173748970031738281e+00
5.525780469179153442e-02
2.622320652008056641e+00
-1.124671220779418945e+00
-2.985323429107666016e+00
-4.080279827117919922e+00
3.935285806655883789e+00
4.149499416351318359e+00
-2.759330272674560547e+00
-3.494785785675048828e+00
-6.262927532196044922e+00
-3.038919687271118164e+00
4.469521045684814453e+00
3.140747547149658203e+00
-1.781105160713195801e+00
-2.536176443099975586e+00
-9.659114480018615723e-01
-4.625644981861114502e-01
-3.615234136581420898e+00
-7.530568599700927734e+00
7.496883273124694824e-01
3.292476415634155273e+00
-5.983160972595214844e+00
-2.346231937408447266e+00
-3.260242223739624023e+00
4.692427217960357666e-01
-1.530499458312988281e+00
-1.791454911231994629e+00
5.610502362251281738e-01
9.509848356246948242e-01
-5.071166038513183594e+00
1.320118188858032227e+00
2.761047601699829102e+00
6.810638904571533203e-01
1.667106151580810547e+00
-4.668264865875244141e+00
-2.938819885253906250e+00
-5.016913414001464844e-01
3.555040121078491211e+00
-3.334791421890258789e+00
4.358777046203613281e+00
2.823773026466369629e-02
3.020754098892211914e+00
-2.594219207763671875e+00
1.479070425033569336e+00
3.927950859069824219e+00
-1.474455475807189941e+00
2.139098882675170898e+00
2.246380090713500977e+00
-6.135302782058715820e-01
-3.002155303955078125e+00
3.437073469161987305e+00
3.278134167194366455e-01
-2.606476783752441406e+00
-2.668907880783081055e+00
-3.163877248764038086e+00
-6.684887886047363281e+00
-3.023246049880981445e+00
1.366446495056152344e+00
4.246481418609619141e+00
-3.941295146942138672e+00
-1.307873487472534180e+00
-6.714918136596679688e+00
2.213990688323974609e+00
-8.487402200698852539e-01
-2.404585599899291992e+00
-1.035239994525909424e-01
-1.524883866310119629e+00
1.708476901054382324e+00
5.690087080001831055e-01
1.604624986648559570e+00
-1.251103281974792480e+00
-1.448439836502075195e+00
-3.345424652099609375e+00
6.325407028198242188e-01
-2.306601524353027344e+00
-2.927708625793457031e+00
3.399159669876098633e+00
-2.766971588134765625e-01
1.978175938129425049e-01
2.518235206604003906e+00
-3.072683572769165039e+00
-3.397630691528320312e+00
-4.063228607177734375e+00
-2.621227741241455078e+00
-2.954169750213623047e+00
2.119179010391235352e+00
4.267062187194824219e+00
-2.334931612014770508e+00
-4.738610267639160156e+00
-5.026017665863037109e+00
-2.073702588677406311e-02
-2.202002048492431641e+00
-2.713896751403808594e+00
2.363470792770385742e+00
4.483195304870605469e+00
-3.015079736709594727e+00
6.994694471359252930e-02
