9.427561163902282715e-01
8.236241340637207031e-01
8.476046919822692871e-01
9.418624639511108398e-01
9.517662525177001953e-01
9.486411213874816895e-01
8.491058349609375000e-01
8.521269559860229492e-01
9.275326728820800781e-01
9.315277338027954102e-01
8.363436460494995117e-01
9.197714924812316895e-01
9.355767965316772461e-01
9.520137310028076172e-01
9.342355728149414062e-01
8.512511849403381348e-01
9.306209683418273926e-01
8.348779678344726562e-01
9.495363235473632812e-01
9.447799324989318848e-01
8.542343974113464355e-01
9.436702728271484375e-01
9.386959671974182129e-01
9.221575260162353516e-01
9.344080686569213867e-01
9.393579959869384766e-01
9.187580347061157227e-01
9.030119180679321289e-01
9.251072406768798828e-01
8.530255556106567383e-01
9.324978590011596680e-01
9.370166063308715820e-01
9.443321228027343750e-01
8.455290198326110840e-01
9.268414974212646484e-01
9.399283528327941895e-01
9.286631345748901367e-01
8.124153614044189453e-01
8.510398268699645996e-01
8.460570573806762695e-01
8.275454640388488770e-01
9.408879280090332031e-01
8.505944013595581055e-01
8.488816618919372559e-01
8.622766137123107910e-01
9.316617846488952637e-01
9.356520771980285645e-01
8.600686788558959961e-01
9.373499155044555664e-01
9.512882828712463379e-01
9.490520954132080078e-01
9.439074397087097168e-01
8.475012183189392090e-01
8.312290310859680176e-01
9.099243283271789551e-01
8.122132420539855957e-01
9.383420944213867188e-01
9.268664121627807617e-01
8.990443348884582520e-01
9.081806540489196777e-01
8.483590483665466309e-01
8.522377014160156250e-01
9.218390583992004395e-01
8.273642659187316895e-01
8.621733784675598145e-01
9.258710741996765137e-01
9.457211494445800781e-01
8.339655995368957520e-01
9.458625912666320801e-01
8.370524644851684570e-01
9.322601556777954102e-01
8.158526420593261719e-01
9.224649071693420410e-01
8.110184073448181152e-01
9.276618957519531250e-01
8.487389087677001953e-01
9.372667670249938965e-01
8.247005939483642578e-01
9.435992836952209473e-01
9.270546436309814453e-01
8.628691434860229492e-01
9.381230473518371582e-01
8.422971367835998535e-01
9.268912672996520996e-01
9.503893256187438965e-01
8.390114307403564453e-01
8.178879618644714355e-01
9.153460264205932617e-01
9.298242926597595215e-01
9.391251802444458008e-01
8.540407419204711914e-01
9.434747695922851562e-01
9.236876964569091797e-01
9.282791614532470703e-01
9.393274188041687012e-01
8.529003262519836426e-01
8.503687977790832520e-01
9.462970495223999023e-01
9.394627213478088379e-01
9.406836032867431641e-01
9.394443631172180176e-01
8.280723094940185547e-01
9.349350333213806152e-01
9.394449591636657715e-01
8.363069891929626465e-01
9.306476116180419922e-01
9.304233193397521973e-01
9.219872951507568359e-01
9.412990212440490723e-01
8.934838175773620605e-01
9.386003613471984863e-01
9.404355287551879883e-01
9.439628720283508301e-01
9.286078810691833496e-01
8.482191562652587891e-01
9.318925738334655762e-01
9.331048130989074707e-01
8.147823214530944824e-01
9.345762133598327637e-01
8.214707374572753906e-01
9.417617917060852051e-01
9.294530153274536133e-01
9.282635450363159180e-01
9.361927509307861328e-01
9.368467926979064941e-01
9.474673271179199219e-01
8.105945587158203125e-01
9.334089159965515137e-01
8.109379410743713379e-01
9.377712011337280273e-01
9.417358040809631348e-01
9.352784156799316406e-01
8.463503718376159668e-01
8.152143359184265137e-01
8.331453204154968262e-01
9.310871958732604980e-01
9.456014633178710938e-01
9.378902316093444824e-01
9.337372779846191406e-01
9.234461188316345215e-01
8.185169696807861328e-01
9.339426159858703613e-01
8.538073897361755371e-01
8.474717140197753906e-01
8.573628664016723633e-01
8.688638806343078613e-01
9.203271269798278809e-01
9.481354355812072754e-01
9.455134868621826172e-01
9.483248591423034668e-01
9.449718594551086426e-01
8.460572957992553711e-01
9.277352690696716309e-01
9.438292384147644043e-01
8.454452753067016602e-01
8.547406196594238281e-01
9.432231783866882324e-01
9.340310096740722656e-01
8.061664104461669922e-01
9.484093785285949707e-01
9.421682357788085938e-01
9.415276050567626953e-01
9.449126720428466797e-01
9.304001331329345703e-01
9.352943897247314453e-01
9.294888973236083984e-01
8.608809709548950195e-01
8.488473892211914062e-01
9.459831118583679199e-01
9.397356510162353516e-01
9.393006563186645508e-01
9.460045695304870605e-01
9.271748065948486328e-01
9.309499263763427734e-01
8.984594345092773438e-01
9.389886260032653809e-01
9.296446442604064941e-01
8.894125223159790039e-01
9.388241767883300781e-01
8.515994548797607422e-01
9.268776774406433105e-01
8.355957865715026855e-01
9.383600950241088867e-01
9.289093613624572754e-01
8.510529398918151855e-01
9.223290085792541504e-01
9.341559410095214844e-01
9.142865538597106934e-01
9.464539885520935059e-01
9.443013072013854980e-01
9.434511661529541016e-01
8.130782842636108398e-01
9.435644745826721191e-01
8.333475589752197266e-01
9.433019161224365234e-01
8.484218120574951172e-01
9.334130287170410156e-01
9.469839334487915039e-01
9.422782063484191895e-01
9.305543303489685059e-01
9.399106502532958984e-01
9.358407258987426758e-01
9.239515066146850586e-01
9.520587921142578125e-01
9.278332591056823730e-01
9.340674877166748047e-01
9.297007322311401367e-01
9.457957744598388672e-01
8.512871265411376953e-01
9.433473944664001465e-01
9.284374117851257324e-01
8.597896099090576172e-01
9.412204027175903320e-01
9.282605648040771484e-01
8.497208356857299805e-01
8.527019619941711426e-01
9.396596550941467285e-01
9.442533254623413086e-01
9.291367530822753906e-01
9.168980717658996582e-01
9.372943043708801270e-01
8.305446505546569824e-01
9.290099740028381348e-01
9.387261271476745605e-01
8.735397458076477051e-01
9.001144170761108398e-01
9.265459179878234863e-01
9.479698538780212402e-01
8.160429596900939941e-01
9.402348995208740234e-01
9.247468113899230957e-01
8.155108690261840820e-01
9.341135621070861816e-01
8.422434329986572266e-01
9.449709653854370117e-01
8.153179287910461426e-01
8.412719964981079102e-01
8.577147126197814941e-01
8.366583585739135742e-01
9.287409186363220215e-01
9.490622878074645996e-01
9.425829648971557617e-01
9.311928749084472656e-01
9.241543412208557129e-01
9.363641142845153809e-01
8.541244268417358398e-01
9.299926757812500000e-01
9.364083409309387207e-01
8.696572780609130859e-01
9.482393860816955566e-01
8.450462818145751953e-01
8.392030000686645508e-01
8.428270220756530762e-01
8.379024267196655273e-01
9.332528114318847656e-01
9.415246844291687012e-01
