1.668076664209365845e-01
1.152178943157196045e-01
1.388432234525680542e-01
9.065664559602737427e-02
1.614268720149993896e-01
2.684214115142822266e-01
3.101340532302856445e-01
1.662424802780151367e-01
2.325396686792373657e-01
4.343950450420379639e-01
1.070017069578170776e-01
3.504233360290527344e-01
9.960567206144332886e-02
1.302556991577148438e-01
1.971034556627273560e-01
1.825486421585083008e-01
3.329571783542633057e-01
7.650043070316314697e-02
1.015070676803588867e-01
1.503358185291290283e-01
2.308076471090316772e-01
1.528370827436447144e-01
2.110886871814727783e-01
1.503269672393798828e-01
8.742096275091171265e-02
2.323779016733169556e-01
1.307870596647262573e-01
2.066434174776077271e-01
9.431094676256179810e-02
9.793356060981750488e-02
2.250687479972839355e-01
1.203624606132507324e-01
2.521343827247619629e-01
1.431303769350051880e-01
1.538926213979721069e-01
9.397432953119277954e-02
2.234172075986862183e-01
2.527192533016204834e-01
2.181153297424316406e-01
2.442641109228134155e-01
2.474502176046371460e-01
1.441590487957000732e-01
2.783021032810211182e-01
1.846491694450378418e-01
2.685793936252593994e-01
4.160368144512176514e-01
1.251524686813354492e-01
1.548372209072113037e-01
2.200814336538314819e-01
1.567212939262390137e-01
2.223954051733016968e-01
1.489380151033401489e-01
1.643645912408828735e-01
1.132498383522033691e-01
9.119544923305511475e-02
9.403493255376815796e-02
1.967265605926513672e-01
1.607551276683807373e-01
2.104078382253646851e-01
2.661760747432708740e-01
1.413152515888214111e-01
7.985753566026687622e-02
3.595474958419799805e-01
2.211368232965469360e-01
1.826626807451248169e-01
2.311786711215972900e-01
1.430845111608505249e-01
3.444010019302368164e-01
1.573447585105895996e-01
1.275496035814285278e-01
2.149823158979415894e-01
2.805510163307189941e-01
2.518121004104614258e-01
6.072564795613288879e-02
1.444336175918579102e-01
2.909130156040191650e-01
1.799278706312179565e-01
1.425534784793853760e-01
1.026808992028236389e-01
1.959547698497772217e-01
2.506066560745239258e-01
2.265417277812957764e-01
1.960992515087127686e-01
1.404505074024200439e-01
9.461852908134460449e-02
2.485185414552688599e-01
1.888902336359024048e-01
1.584800779819488525e-01
9.340408444404602051e-02
2.099498957395553589e-01
2.915323972702026367e-01
2.196935713291168213e-01
2.871809601783752441e-01
3.097783029079437256e-01
2.097808420658111572e-01
2.114990800619125366e-01
1.532267630100250244e-01
1.463788449764251709e-01
1.093967035412788391e-01
2.867847681045532227e-01
9.122532606124877930e-02
2.569172084331512451e-01
7.747370004653930664e-02
8.614797145128250122e-02
2.348371595144271851e-01
2.497862577438354492e-01
3.007448613643646240e-01
1.109007447957992554e-01
1.459393948316574097e-01
2.154816538095474243e-01
2.652755677700042725e-01
1.595179587602615356e-01
1.196572110056877136e-01
1.297533512115478516e-01
9.323437511920928955e-02
1.113634407520294189e-01
1.140370368957519531e-01
1.099011600017547607e-01
2.223355770111083984e-01
1.922227889299392700e-01
3.488602042198181152e-01
9.518995136022567749e-02
2.259130328893661499e-01
1.581827700138092041e-01
2.713620662689208984e-01
1.246332898736000061e-01
1.529709696769714355e-01
1.017980277538299561e-01
