1.034511804580688477e+00
9.902242422103881836e-01
1.019818305969238281e+00
9.981665611267089844e-01
9.752006530761718750e-01
9.835838079452514648e-01
1.010453701019287109e+00
1.020033836364746094e+00
1.005054473876953125e+00
9.840348362922668457e-01
1.049363493919372559e+00
9.760965704917907715e-01
9.869412779808044434e-01
1.044503211975097656e+00
9.700034856796264648e-01
1.021694302558898926e+00
9.939338564872741699e-01
1.027113676071166992e+00
1.005877017974853516e+00
9.906277060508728027e-01
1.006283283233642578e+00
9.930123686790466309e-01
9.617223739624023438e-01
9.718418121337890625e-01
1.015293955802917480e+00
9.771250486373901367e-01
9.968203902244567871e-01
9.677825570106506348e-01
9.958587288856506348e-01
9.935508966445922852e-01
1.010813713073730469e+00
9.758945703506469727e-01
1.015701293945312500e+00
1.013151168823242188e+00
1.017846822738647461e+00
1.112310886383056641e+00
1.015421628952026367e+00
9.808415174484252930e-01
9.736627936363220215e-01
1.021227955818176270e+00
1.030630588531494141e+00
1.020405888557434082e+00
9.842829704284667969e-01
1.012755632400512695e+00
1.034623861312866211e+00
1.014960646629333496e+00
1.013785839080810547e+00
9.880005121231079102e-01
9.952853918075561523e-01
1.051852703094482422e+00
9.710634350776672363e-01
1.029989123344421387e+00
9.860358238220214844e-01
9.757775068283081055e-01
1.009350419044494629e+00
1.006681919097900391e+00
1.009998798370361328e+00
9.605206847190856934e-01
1.019444108009338379e+00
9.887796044349670410e-01
9.949768185615539551e-01
9.757903218269348145e-01
9.954690337181091309e-01
9.775307178497314453e-01
9.971269369125366211e-01
1.009235143661499023e+00
9.712538123130798340e-01
9.756969213485717773e-01
1.022246241569519043e+00
9.941225051879882812e-01
1.063268303871154785e+00
1.013773798942565918e+00
1.092792868614196777e+00
1.023326039314270020e+00
9.835842847824096680e-01
9.997677803039550781e-01
9.982154965400695801e-01
9.854381084442138672e-01
9.979544281959533691e-01
1.031218647956848145e+00
9.946260452270507812e-01
1.012403726577758789e+00
1.032878637313842773e+00
1.002107501029968262e+00
9.855828285217285156e-01
9.971935153007507324e-01
9.925612211227416992e-01
9.641451239585876465e-01
1.019294738769531250e+00
1.007902622222900391e+00
9.837949872016906738e-01
9.631132483482360840e-01
1.015542030334472656e+00
1.006012201309204102e+00
1.009454727172851562e+00
1.043202638626098633e+00
9.870216846466064453e-01
1.019256711006164551e+00
9.853614568710327148e-01
9.886861443519592285e-01
9.818858504295349121e-01
9.697698354721069336e-01
9.989205598831176758e-01
9.913011193275451660e-01
9.786233901977539062e-01
9.703060984611511230e-01
9.957407712936401367e-01
1.017199635505676270e+00
9.974040985107421875e-01
9.750404357910156250e-01
9.671301841735839844e-01
9.680949449539184570e-01
9.920169711112976074e-01
1.000272750854492188e+00
9.904152750968933105e-01
9.794524908065795898e-01
9.956716299057006836e-01
9.614222645759582520e-01
1.006450653076171875e+00
9.831433892250061035e-01
1.029808998107910156e+00
9.984031915664672852e-01
9.704805016517639160e-01
9.856141209602355957e-01
9.842574596405029297e-01
9.971006512641906738e-01
1.037053823471069336e+00
9.881634712219238281e-01
1.039749145507812500e+00
9.869520664215087891e-01
9.665263295173645020e-01
9.880597591400146484e-01
9.931561350822448730e-01
1.009355545043945312e+00
1.001394510269165039e+00
1.004634618759155273e+00
9.609866738319396973e-01
9.878635406494140625e-01
9.865290522575378418e-01
9.987633824348449707e-01
9.974111318588256836e-01
1.036806583404541016e+00
9.585621356964111328e-01
1.006583452224731445e+00
9.764029979705810547e-01
9.929853677749633789e-01
9.609119892120361328e-01
9.801787734031677246e-01
9.786348938941955566e-01
9.963807463645935059e-01
1.013309478759765625e+00
9.848131537437438965e-01
1.030674815177917480e+00
9.880392551422119141e-01
9.799164533615112305e-01
9.799968600273132324e-01
9.920088052749633789e-01
9.875308275222778320e-01
9.912120699882507324e-01
9.740332961082458496e-01
9.704541563987731934e-01
9.874256849288940430e-01
9.783462285995483398e-01
9.887192845344543457e-01
1.026489853858947754e+00
9.915923476219177246e-01
1.012697815895080566e+00
9.764364361763000488e-01
1.003580093383789062e+00
1.000140666961669922e+00
9.887225031852722168e-01
1.023929953575134277e+00
1.003189444541931152e+00
9.991301894187927246e-01
9.732597470283508301e-01
1.025662660598754883e+00
1.008916139602661133e+00
1.095754861831665039e+00
9.732982516288757324e-01
9.855777621269226074e-01
9.992057085037231445e-01
1.016754388809204102e+00
9.751107096672058105e-01
9.984956383705139160e-01
9.631340503692626953e-01
9.592259526252746582e-01
9.880564212799072266e-01
1.015010118484497070e+00
9.795879721641540527e-01
9.862807393074035645e-01
1.003774523735046387e+00
9.883857369422912598e-01
9.981727600097656250e-01
9.802644848823547363e-01
1.032397031784057617e+00
9.847397804260253906e-01
9.883807897567749023e-01
9.960904717445373535e-01
1.021038413047790527e+00
1.017283558845520020e+00
9.874334335327148438e-01
9.867258071899414062e-01
1.004029870033264160e+00
9.881557226181030273e-01
9.595844149589538574e-01
1.040013790130615234e+00
1.007545232772827148e+00
9.622018337249755859e-01
9.813166856765747070e-01
1.008767843246459961e+00
9.669784903526306152e-01
1.016398668289184570e+00
1.005761146545410156e+00
9.863325953483581543e-01
1.003188014030456543e+00
1.020650267601013184e+00
9.667966961860656738e-01
1.054375290870666504e+00
9.903771877288818359e-01
9.899414181709289551e-01
9.630330801010131836e-01
1.004162669181823730e+00
1.018554806709289551e+00
1.011246323585510254e+00
9.914810061454772949e-01
1.025474071502685547e+00
1.023909926414489746e+00
9.990523457527160645e-01
9.686742424964904785e-01
1.000008583068847656e+00
9.940853118896484375e-01
9.781595468521118164e-01
1.014432668685913086e+00
9.836297631263732910e-01
9.782771468162536621e-01
1.010847330093383789e+00
1.025240063667297363e+00
1.055461883544921875e+00
9.832077026367187500e-01
1.033650636672973633e+00
9.888485074043273926e-01
9.855476021766662598e-01
1.013013362884521484e+00
1.038021922111511230e+00
9.706468582153320312e-01
1.003105401992797852e+00
9.887250661849975586e-01
1.024417757987976074e+00
1.004538774490356445e+00
1.025681138038635254e+00
9.718303084373474121e-01
9.907182455062866211e-01
1.016966223716735840e+00
9.913620948791503906e-01
9.684246778488159180e-01
9.905309677124023438e-01
1.004473447799682617e+00
1.011605262756347656e+00
9.720585346221923828e-01
1.000385284423828125e+00
9.810721278190612793e-01
1.026882886886596680e+00
9.948748946189880371e-01
9.722577929496765137e-01
1.005712628364562988e+00
9.933667182922363281e-01
1.003158211708068848e+00
1.000726938247680664e+00
9.607471823692321777e-01
9.852185249328613281e-01
9.897617697715759277e-01
9.980598092079162598e-01
9.915493130683898926e-01
9.655106067657470703e-01
1.019602775573730469e+00
1.026362895965576172e+00
9.934573173522949219e-01
1.009370565414428711e+00
1.003405094146728516e+00
1.006683707237243652e+00
1.011187553405761719e+00
1.001646995544433594e+00
1.011925816535949707e+00
9.999362826347351074e-01
9.862235188484191895e-01
9.934897422790527344e-01
9.872398376464843750e-01
9.993025064468383789e-01
1.028227806091308594e+00
9.928758740425109863e-01
9.914509654045104980e-01
1.014883637428283691e+00
1.028174877166748047e+00
9.990626573562622070e-01
9.781439900398254395e-01
1.020110130310058594e+00
9.820454716682434082e-01
1.000533103942871094e+00
9.560033082962036133e-01
9.887608289718627930e-01
9.881801009178161621e-01
9.950391650199890137e-01
1.001986503601074219e+00
1.048930048942565918e+00
9.910680651664733887e-01
1.023976206779479980e+00
9.981067776679992676e-01
1.011145234107971191e+00
1.010509729385375977e+00
9.836271405220031738e-01
9.814993739128112793e-01
9.577975869178771973e-01
1.012384295463562012e+00
9.797564148902893066e-01
1.049890160560607910e+00
1.011370778083801270e+00
1.019683361053466797e+00
9.960185289382934570e-01
1.026798009872436523e+00
9.811871647834777832e-01
9.934849143028259277e-01
9.967073202133178711e-01
1.008042931556701660e+00
9.719741344451904297e-01
1.002116918563842773e+00
1.084825992584228516e+00
9.963161349296569824e-01
1.012117624282836914e+00
9.952623844146728516e-01
9.699109792709350586e-01
1.014164805412292480e+00
1.002828478813171387e+00
9.861797690391540527e-01
9.961869716644287109e-01
9.970633983612060547e-01
9.889869689941406250e-01
1.023699879646301270e+00
9.815994501113891602e-01
1.011456251144409180e+00
1.026190638542175293e+00
9.864110350608825684e-01
9.886030554771423340e-01
9.757652878761291504e-01
9.864341020584106445e-01
9.840826988220214844e-01
9.804005622863769531e-01
9.946430921554565430e-01
1.022075414657592773e+00
1.007382154464721680e+00
9.745202064514160156e-01
9.707642793655395508e-01
1.031173110008239746e+00
9.801692366600036621e-01
1.084152817726135254e+00
9.683261513710021973e-01
9.814444780349731445e-01
9.866173267364501953e-01
1.003789782524108887e+00
1.006937503814697266e+00
9.829834103584289551e-01
9.803872108459472656e-01
9.637776613235473633e-01
9.675814509391784668e-01
9.784129261970520020e-01
9.864540100097656250e-01
1.089925646781921387e+00
9.944766163825988770e-01
9.831045269966125488e-01
9.689053297042846680e-01
9.794961214065551758e-01
1.012315392494201660e+00
1.024475455284118652e+00
1.005150079727172852e+00
9.891151785850524902e-01
9.868659377098083496e-01
9.960584640502929688e-01
9.717296361923217773e-01
9.982646703720092773e-01
9.930246472358703613e-01
1.013300895690917969e+00
9.790117740631103516e-01
9.744614362716674805e-01
9.866275191307067871e-01
1.019480824470520020e+00
9.804320335388183594e-01
9.940339922904968262e-01
9.631568193435668945e-01
1.012421607971191406e+00
9.827777147293090820e-01
9.755109548568725586e-01
9.768449068069458008e-01
1.009131431579589844e+00
1.014702796936035156e+00
1.003553628921508789e+00
1.002810835838317871e+00
1.021263837814331055e+00
9.895044565200805664e-01
9.800165891647338867e-01
9.856603741645812988e-01
9.906854629516601562e-01
1.021927714347839355e+00
1.008216619491577148e+00
1.031490325927734375e+00
9.915903806686401367e-01
1.009230852127075195e+00
1.063895583152770996e+00
1.000105023384094238e+00
1.009943366050720215e+00
1.055381774902343750e+00
1.004805803298950195e+00
1.020657300949096680e+00
9.684590697288513184e-01
1.056722640991210938e+00
9.712119698524475098e-01
9.985252022743225098e-01
1.001481652259826660e+00
9.715039134025573730e-01
9.797704815864562988e-01
9.966538548469543457e-01
1.013967752456665039e+00
1.064242482185363770e+00
1.134820580482482910e+00
9.626333713531494141e-01
1.028035283088684082e+00
9.657874703407287598e-01
9.851630926132202148e-01
9.824848771095275879e-01
1.054362893104553223e+00
1.012865066528320312e+00
1.018114328384399414e+00
9.840219020843505859e-01
9.899198412895202637e-01
9.962893724441528320e-01
9.869887828826904297e-01
1.005558371543884277e+00
9.740504622459411621e-01
9.882943630218505859e-01
9.889361262321472168e-01
1.025159478187561035e+00
1.039160728454589844e+00
1.010269045829772949e+00
9.791644215583801270e-01
9.921390414237976074e-01
1.031397938728332520e+00
1.021301269531250000e+00
9.658036828041076660e-01
1.016594290733337402e+00
9.758892655372619629e-01
9.926443099975585938e-01
9.755660295486450195e-01
9.930222630500793457e-01
9.893177151679992676e-01
9.853155016899108887e-01
9.844380021095275879e-01
1.007474064826965332e+00
1.005861282348632812e+00
1.084276556968688965e+00
1.022204160690307617e+00
9.818785786628723145e-01
9.946408867835998535e-01
1.019296765327453613e+00
1.007734179496765137e+00
1.013214349746704102e+00
9.759214520454406738e-01
9.810636639595031738e-01
9.763435721397399902e-01
1.043593049049377441e+00
9.975030422210693359e-01
1.048821330070495605e+00
9.846559166908264160e-01
1.013756871223449707e+00
9.823767542839050293e-01
9.769139885902404785e-01
1.010199069976806641e+00
1.017284989356994629e+00
9.880264997482299805e-01
1.004120707511901855e+00
1.000084757804870605e+00
1.031708359718322754e+00
9.921239018440246582e-01
9.766226410865783691e-01
1.006240367889404297e+00
9.752987027168273926e-01
9.859073162078857422e-01
1.010481953620910645e+00
9.825701713562011719e-01
9.935650825500488281e-01
1.012718319892883301e+00
9.941918253898620605e-01
1.036748886108398438e+00
1.024051427841186523e+00
1.031647801399230957e+00
1.016612410545349121e+00
1.006369113922119141e+00
1.022840976715087891e+00
9.929683208465576172e-01
9.950908422470092773e-01
1.014065027236938477e+00
1.003017425537109375e+00
9.734898209571838379e-01
9.984152317047119141e-01
1.009094476699829102e+00
1.040817856788635254e+00
1.004020094871520996e+00
1.058243870735168457e+00
9.904373884201049805e-01
9.875239729881286621e-01
1.031206607818603516e+00
1.030344963073730469e+00
9.677747488021850586e-01
1.022765517234802246e+00
9.772764444351196289e-01
