-1.571158319711685181e-01
-6.792082190513610840e-01
-4.332870244979858398e-01
-9.205730259418487549e-02
4.968366120010614395e-03
2.164502441883087158e-01
5.594541430473327637e-01
-2.061210423707962036e-01
-4.826489090919494629e-02
-3.332767188549041748e-01
-6.471148729324340820e-01
6.078763604164123535e-01
-2.375235110521316528e-01
-3.965883553028106689e-01
1.901538223028182983e-01
-3.378405869007110596e-01
-3.515639528632164001e-02
4.586745202541351318e-01
-1.276139914989471436e-01
-2.721284031867980957e-01
-5.997614860534667969e-01
4.768637940287590027e-02
-6.754674315452575684e-01
-4.303819537162780762e-01
-1.926494538784027100e-01
-5.747321993112564087e-02
4.167029559612274170e-01
1.407550275325775146e-01
-4.617584645748138428e-01
-4.579331725835800171e-03
-1.532642394304275513e-01
2.484753131866455078e-01
-1.740852147340774536e-01
-6.666786074638366699e-01
1.969812065362930298e-01
-3.942334949970245361e-01
4.705067276954650879e-01
-2.958725094795227051e-01
3.375987112522125244e-01
-2.195588946342468262e-01
-1.666971743106842041e-01
2.559314966201782227e-01
6.826902972534298897e-04
2.770714163780212402e-01
4.349957406520843506e-02
1.680517047643661499e-01
2.913766801357269287e-01
9.773329831659793854e-03
-3.416867852210998535e-01
-3.214115500450134277e-01
-4.091205000877380371e-01
2.729107737541198730e-01
5.542930960655212402e-01
-1.614318788051605225e-02
-1.924224644899368286e-01
-1.716392338275909424e-01
4.509070217609405518e-01
-2.895379662513732910e-01
-2.854206562042236328e-01
-6.242791414260864258e-01
-1.788611710071563721e-01
3.721971213817596436e-01
5.165677666664123535e-01
-8.755960315465927124e-02
