9.713965058326721191e-01
1.018828630447387695e+00
1.020991325378417969e+00
9.507065415382385254e-01
1.057363986968994141e+00
1.037457585334777832e+00
1.001277446746826172e+00
7.761244773864746094e-01
1.043599128723144531e+00
9.454874396324157715e-01
8.172059059143066406e-01
9.131670594215393066e-01
8.030535578727722168e-01
1.123138785362243652e+00
1.065774083137512207e+00
1.052895665168762207e+00
1.136308789253234863e+00
9.114995002746582031e-01
9.743415713310241699e-01
1.041846156120300293e+00
1.028368115425109863e+00
8.799411058425903320e-01
9.198555350303649902e-01
1.004938483238220215e+00
1.084027171134948730e+00
7.740584611892700195e-01
9.674690961837768555e-01
1.100198030471801758e+00
8.865525722503662109e-01
8.419343233108520508e-01
1.126927614212036133e+00
9.432786703109741211e-01
8.082768917083740234e-01
1.096883893013000488e+00
1.106061935424804688e+00
9.556034803390502930e-01
1.030090212821960449e+00
1.204505324363708496e+00
8.113562464714050293e-01
1.049530148506164551e+00
1.013089179992675781e+00
9.079020619392395020e-01
8.819428682327270508e-01
1.103193044662475586e+00
9.606586694717407227e-01
7.458137869834899902e-01
9.546108245849609375e-01
1.020537376403808594e+00
1.181067466735839844e+00
9.579495191574096680e-01
1.154238224029541016e+00
1.003021121025085449e+00
1.006644248962402344e+00
9.664005041122436523e-01
1.055299162864685059e+00
8.889483213424682617e-01
1.379421591758728027e+00
1.053963899612426758e+00
1.001718282699584961e+00
1.024063587188720703e+00
8.174433708190917969e-01
8.173528313636779785e-01
1.157927155494689941e+00
1.082323908805847168e+00
