-8.078253865242004395e-01
1.220700889825820923e-01
-9.176917076110839844e-01
-7.926865816116333008e-01
-5.386821627616882324e-01
-3.483224213123321533e-01
-3.724624812602996826e-01
-7.879132628440856934e-01
-6.329523324966430664e-01
-7.879214286804199219e-01
-8.040863871574401855e-01
-5.364593863487243652e-01
-8.843075037002563477e-01
-6.152072548866271973e-01
-7.807394862174987793e-01
-6.363168358802795410e-01
-9.314702749252319336e-01
-4.575723707675933838e-01
-6.761506795883178711e-01
-6.652884483337402344e-01
-4.149084091186523438e-01
-8.423956036567687988e-01
-7.487339973449707031e-01
-3.714154958724975586e-01
-8.889815211296081543e-01
-8.189216256141662598e-01
-5.188467502593994141e-01
-4.738981723785400391e-01
-7.449004054069519043e-01
-1.243920087814331055e+00
-6.068814992904663086e-01
-9.062657952308654785e-01
-7.937449216842651367e-01
-4.138265252113342285e-01
-6.063694953918457031e-01
-8.556564450263977051e-01
-5.195553302764892578e-01
1.147436618804931641e+00
-5.421505570411682129e-01
-4.114421606063842773e-01
2.242770045995712280e-01
-8.243120908737182617e-01
-7.740113735198974609e-01
-7.063497304916381836e-01
-2.451837658882141113e-01
-3.367934226989746094e-01
-6.211888194084167480e-01
-5.710491538047790527e-01
-5.832458138465881348e-01
-6.466586589813232422e-01
-3.967334330081939697e-01
-6.099506616592407227e-01
-8.187640309333801270e-01
-1.116123676300048828e+00
-5.599784255027770996e-01
2.470076233148574829e-01
-7.220893502235412598e-01
-6.951706409454345703e-01
-7.480085492134094238e-01
-5.952779650688171387e-01
-3.931481838226318359e-01
-5.189408063888549805e-01
-6.061069965362548828e-01
-1.678172230720520020e+00
-7.419711947441101074e-01
-7.257980704307556152e-01
-8.229429721832275391e-01
-5.482338070869445801e-01
-5.300434827804565430e-01
-6.478683352470397949e-01
-7.515656948089599609e-01
2.016642242670059204e-01
-9.400443434715270996e-01
-1.522969484329223633e+00
-5.627552866935729980e-01
-2.034026831388473511e-01
-5.002757310867309570e-01
3.120137378573417664e-03
-8.068210482597351074e-01
-6.796450614929199219e-01
-5.957695245742797852e-01
-9.167824983596801758e-01
-2.581475377082824707e-01
-9.011310338973999023e-01
-6.463486552238464355e-01
-9.213101863861083984e-01
-9.573958814144134521e-02
-8.012186288833618164e-01
-7.303825020790100098e-01
-6.557595729827880859e-01
-7.132706046104431152e-01
-8.693094849586486816e-01
-5.742353796958923340e-01
-8.760893940925598145e-01
-1.093824386596679688e+00
-8.507046699523925781e-01
-5.370725393295288086e-01
-7.113842964172363281e-01
-5.502604246139526367e-01
-9.477800130844116211e-01
-8.270790576934814453e-01
-7.664265036582946777e-01
-6.493585705757141113e-01
-4.019260704517364502e-01
-8.576095700263977051e-01
-6.845332384109497070e-01
-9.756950736045837402e-01
-6.143110394477844238e-01
-7.588897943496704102e-01
-4.556923806667327881e-01
-6.345750689506530762e-01
-9.254614710807800293e-01
-6.308441758155822754e-01
-4.893314838409423828e-01
-5.577366948127746582e-01
-8.649373054504394531e-01
-5.085651278495788574e-01
-9.400521963834762573e-02
-7.911552190780639648e-01
2.324059903621673584e-01
-8.206127882003784180e-01
-9.855592846870422363e-01
-7.177646756172180176e-01
-8.481559157371520996e-01
-7.088314294815063477e-01
-7.187755703926086426e-01
1.806668490171432495e-01
-7.180558443069458008e-01
1.431809306144714355e+00
-6.118041872978210449e-01
-5.575326681137084961e-01
-6.520488262176513672e-01
-7.028979659080505371e-01
3.070161938667297363e-01
-6.471346020698547363e-01
-9.468508958816528320e-01
-8.768411278724670410e-01
-6.994358897209167480e-01
-8.791636228561401367e-01
-7.583070397377014160e-01
1.473333001136779785e+00
-6.720661520957946777e-01
-6.623817086219787598e-01
-8.927391767501831055e-01
-6.432519555091857910e-01
-6.655843853950500488e-01
-6.648604273796081543e-01
-7.033407092094421387e-01
-7.894870042800903320e-01
-6.634684801101684570e-01
-7.248699665069580078e-01
-5.823063254356384277e-01
-1.168947577476501465e+00
-6.719394922256469727e-01
-2.754685580730438232e-01
-8.408450484275817871e-01
-8.255617618560791016e-01
-7.509772777557373047e-01
1.067385554313659668e+00
-7.115690708160400391e-01
-7.016624212265014648e-01
-7.384825348854064941e-01
-6.612675786018371582e-01
-6.859691143035888672e-01
-4.378528296947479248e-01
-8.180570602416992188e-01
-7.529083490371704102e-01
-6.004303097724914551e-01
-8.976225256919860840e-01
-7.609542608261108398e-01
-6.637496948242187500e-01
-5.608745813369750977e-01
-8.137577176094055176e-01
-1.846952587366104126e-01
-1.190333008766174316e+00
-9.833275675773620605e-01
-4.775476157665252686e-01
-8.557907938957214355e-01
-7.911072969436645508e-01
-3.308778405189514160e-01
-9.276751875877380371e-01
-7.207532972097396851e-02
-6.430468559265136719e-01
-8.334693908691406250e-01
-4.708901941776275635e-01
-5.921278595924377441e-01
-6.996726393699645996e-01
-2.102434337139129639e-01
-6.595869064331054688e-01
-6.459671854972839355e-01
-6.110244989395141602e-01
-7.952735759317874908e-03
-8.361998796463012695e-01
-8.429756760597229004e-02
-8.113618493080139160e-01
-9.883065819740295410e-01
-8.159798979759216309e-01
-1.018495798110961914e+00
-6.011912822723388672e-01
-5.425518751144409180e-01
-7.243371605873107910e-01
-7.139692902565002441e-01
-8.377960324287414551e-01
-6.924511790275573730e-01
-9.054575562477111816e-01
-4.606788456439971924e-01
-4.443128407001495361e-01
-6.014155149459838867e-01
-5.828247666358947754e-01
-8.187236785888671875e-01
-4.527069926261901855e-01
-6.935601830482482910e-01
-9.261533021926879883e-01
-7.744573950767517090e-01
-8.191447257995605469e-01
-6.240791082382202148e-01
-6.587886810302734375e-01
-9.115446805953979492e-01
-7.039428353309631348e-01
-7.321895956993103027e-01
-7.554460167884826660e-01
-4.434784352779388428e-01
-8.988674879074096680e-01
-7.782362699508666992e-01
-9.717824459075927734e-01
-7.154337763786315918e-01
-8.642148971557617188e-01
-7.833868265151977539e-01
9.246828556060791016e-01
-6.270251274108886719e-01
-8.502737879753112793e-01
7.891809940338134766e-01
-8.043086528778076172e-01
-6.929942369461059570e-01
-7.598319649696350098e-01
6.322834491729736328e-01
-1.652990430593490601e-01
-7.157253623008728027e-01
-7.334974408149719238e-01
-8.804565072059631348e-01
-6.513261198997497559e-01
-8.450068831443786621e-01
-7.802785634994506836e-01
-5.621835589408874512e-01
-7.471338510513305664e-01
-5.071575641632080078e-01
-6.437067985534667969e-01
-7.998045682907104492e-01
-3.068128228187561035e-01
-6.619966030120849609e-01
-3.368918895721435547e-01
-2.196190208196640015e-01
-6.061494350433349609e-01
-4.292732775211334229e-01
-8.104428052902221680e-01
-6.467347145080566406e-01
