1.039274215698242188e+00
1.005444407463073730e+00
9.786092638969421387e-01
9.466406702995300293e-01
9.830439686775207520e-01
9.932172298431396484e-01
9.944092035293579102e-01
1.008045315742492676e+00
9.725711941719055176e-01
9.806976318359375000e-01
9.896119236946105957e-01
9.708712100982666016e-01
1.022665143013000488e+00
1.010440707206726074e+00
1.080602049827575684e+00
9.871899485588073730e-01
1.013920545578002930e+00
1.057137846946716309e+00
1.018722772598266602e+00
9.965345859527587891e-01
9.825941920280456543e-01
1.000741839408874512e+00
9.952400922775268555e-01
9.633712768554687500e-01
9.575512409210205078e-01
1.022430539131164551e+00
1.018823027610778809e+00
9.927387237548828125e-01
9.878780245780944824e-01
1.012396693229675293e+00
9.832843542098999023e-01
9.988558888435363770e-01
1.016556978225708008e+00
1.014332294464111328e+00
1.009229540824890137e+00
1.042847037315368652e+00
9.933907985687255859e-01
9.894168376922607422e-01
9.924776554107666016e-01
1.033208608627319336e+00
1.015105605125427246e+00
9.932065010070800781e-01
9.368482828140258789e-01
1.013129591941833496e+00
9.839286208152770996e-01
9.432914257049560547e-01
9.956399798393249512e-01
1.013728618621826172e+00
9.711655974388122559e-01
1.027304291725158691e+00
1.003849148750305176e+00
1.005608201026916504e+00
9.815883636474609375e-01
9.875140190124511719e-01
9.814295768737792969e-01
1.014753699302673340e+00
1.012077808380126953e+00
1.018392801284790039e+00
9.945032596588134766e-01
9.543565511703491211e-01
9.983086585998535156e-01
1.016130447387695312e+00
1.002313733100891113e+00
1.004723787307739258e+00
9.856376051902770996e-01
1.026139616966247559e+00
1.026406645774841309e+00
9.896937608718872070e-01
1.005965709686279297e+00
1.011480689048767090e+00
9.953784346580505371e-01
9.962115883827209473e-01
9.781258702278137207e-01
9.973977804183959961e-01
9.693281650543212891e-01
1.000294804573059082e+00
9.886806011199951172e-01
1.037282824516296387e+00
1.049834966659545898e+00
9.884085655212402344e-01
9.744654893875122070e-01
1.007232785224914551e+00
9.786821603775024414e-01
9.966028928756713867e-01
9.991168379783630371e-01
9.886371493339538574e-01
9.928070306777954102e-01
9.919666051864624023e-01
9.908710718154907227e-01
9.706432819366455078e-01
1.043192505836486816e+00
9.892992377281188965e-01
9.767259955406188965e-01
9.716922044754028320e-01
1.003863096237182617e+00
1.011763572692871094e+00
1.008529305458068848e+00
9.861513376235961914e-01
1.028977513313293457e+00
1.007935285568237305e+00
1.018615365028381348e+00
1.034231781959533691e+00
9.798148870468139648e-01
1.008632183074951172e+00
9.823412299156188965e-01
9.945447444915771484e-01
9.941427707672119141e-01
9.847857356071472168e-01
9.396706223487854004e-01
1.018794775009155273e+00
1.011274576187133789e+00
1.035907506942749023e+00
1.017080903053283691e+00
9.920143485069274902e-01
9.968006610870361328e-01
1.032127261161804199e+00
1.013865947723388672e+00
1.004925012588500977e+00
1.050616383552551270e+00
9.423288702964782715e-01
1.038701415061950684e+00
9.953804612159729004e-01
9.997164607048034668e-01
9.633397459983825684e-01
1.001741409301757812e+00
9.563183188438415527e-01
9.874621033668518066e-01
9.962931275367736816e-01
