-9.456700831651687622e-02
-8.734910935163497925e-02
-8.206182718276977539e-02
-9.481237083673477173e-02
-5.860949307680130005e-02
-7.177070528268814087e-02
-7.827625423669815063e-02
-1.023732125759124756e-01
-9.792668372392654419e-02
-6.144709885120391846e-02
-8.369776606559753418e-02
-6.823104619979858398e-02
-8.660028874874114990e-02
-6.941752135753631592e-02
-6.458415836095809937e-02
-6.918680667877197266e-02
-1.151192337274551392e-01
-9.242485463619232178e-02
-6.248616427183151245e-02
-9.702665358781814575e-02
-8.444322645664215088e-02
-1.046640202403068542e-01
-1.013275757431983948e-01
-1.258707940578460693e-01
-9.881006926298141479e-02
-8.812388777732849121e-02
-9.584835171699523926e-02
-9.888746589422225952e-02
-7.179322093725204468e-02
-4.602799564599990845e-02
-9.051191061735153198e-02
-1.106032729148864746e-01
-8.341501653194427490e-02
-7.943504303693771362e-02
-9.085461497306823730e-02
-7.171632349491119385e-02
-1.085613369941711426e-01
-1.053787544369697571e-01
-1.142370328307151794e-01
-7.314703613519668579e-02
-9.369694441556930542e-02
-7.543434947729110718e-02
-7.272340357303619385e-02
-8.617438375949859619e-02
-8.324094116687774658e-02
-1.119078844785690308e-01
-1.030099466443061829e-01
-8.485555648803710938e-02
-7.635496556758880615e-02
-8.016954362392425537e-02
-6.902803480625152588e-02
-7.187733799219131470e-02
-7.865786552429199219e-02
-8.150231838226318359e-02
-7.333170622587203979e-02
-9.753932803869247437e-02
-9.939339756965637207e-02
-9.165486693382263184e-02
-9.981376677751541138e-02
-8.525137603282928467e-02
-6.708993762731552124e-02
-7.390683144330978394e-02
-9.723966568708419800e-02
-7.763455063104629517e-02
-5.832667276263237000e-02
-8.532962948083877563e-02
-7.079418748617172241e-02
-6.984648108482360840e-02
-6.584010273218154907e-02
-9.596404433250427246e-02
-1.320067942142486572e-01
-1.066174432635307312e-01
-7.613946497440338135e-02
-1.222038827836513519e-02
-8.808661252260208130e-02
-6.758627295494079590e-02
-8.731520920991897583e-02
-1.030074581503868103e-01
-1.001168116927146912e-01
-9.489791095256805420e-02
-8.365264534950256348e-02
-9.469866007566452026e-02
-8.343184739351272583e-02
-1.140149608254432678e-01
-7.727088779211044312e-02
-8.577995002269744873e-02
-1.000735983252525330e-01
-9.954293817281723022e-02
-9.206396341323852539e-02
-8.576768636703491211e-02
-9.627868980169296265e-02
-9.058449417352676392e-02
-1.037203967571258545e-01
-8.068342506885528564e-02
-6.902129948139190674e-02
-5.756106227636337280e-02
-9.253629297018051147e-02
-6.313626468181610107e-02
-7.882990688085556030e-02
-7.411975413560867310e-02
-8.717237412929534912e-02
-9.682255983352661133e-02
-1.023895666003227234e-01
-7.606019824743270874e-02
-9.826666861772537231e-02
-1.086026653647422791e-01
-9.247054904699325562e-02
-9.214877337217330933e-02
-8.815266937017440796e-02
-1.327099353075027466e-01
-6.327186524868011475e-02
-7.057394832372665405e-02
-6.973277777433395386e-02
-9.402270615100860596e-02
-5.784507468342781067e-02
-1.046256497502326965e-01
-7.703814655542373657e-02
-9.726397693157196045e-02
-8.848240226507186890e-02
-1.031555682420730591e-01
-6.540422886610031128e-02
-1.020381301641464233e-01
-8.697748929262161255e-02
-1.089102253317832947e-01
-8.242979645729064941e-02
-6.369481235742568970e-02
-1.231888011097908020e-01
-7.821859419345855713e-02
-9.954171627759933472e-02
-9.778799861669540405e-02
-7.150532305240631104e-02
-7.669895887374877930e-02
-7.952576875686645508e-02
-1.185246929526329041e-01
-1.152751073241233826e-01
-8.682612329721450806e-02
-6.745606660842895508e-02
-9.212378412485122681e-02
-1.134646981954574585e-01
-1.014616414904594421e-01
-1.162894517183303833e-01
-8.205655962228775024e-02
-4.352173954248428345e-02
-9.897977113723754883e-02
-9.974876046180725098e-02
-8.359672129154205322e-02
-9.870430082082748413e-02
-7.402990758419036865e-02
-6.697856634855270386e-02
-5.565707013010978699e-02
-8.017875999212265015e-02
-7.907305657863616943e-02
-1.013558506965637207e-01
-8.189935982227325439e-02
-1.004439964890480042e-01
-7.414152473211288452e-02
-6.054133921861648560e-02
-9.763976186513900757e-02
-1.374534815549850464e-01
-6.366086006164550781e-02
-5.940284579992294312e-02
-8.467143028974533081e-02
-7.313164323568344116e-02
-9.155299514532089233e-02
-9.139312058687210083e-02
-8.366627246141433716e-02
-5.971943959593772888e-02
-8.146897703409194946e-02
-7.398812472820281982e-02
-7.461018115282058716e-02
-6.650020927190780640e-02
-8.537717908620834351e-02
-9.015525877475738525e-02
-8.955231308937072754e-02
-7.194141298532485962e-02
-9.959463030099868774e-02
-8.737161755561828613e-02
-1.114029064774513245e-01
-6.503925472497940063e-02
-6.571476161479949951e-02
-1.166892349720001221e-01
-8.630319684743881226e-02
-7.392125576734542847e-02
-7.184860855340957642e-02
-6.721118837594985962e-02
-9.392116963863372803e-02
-9.648310393095016479e-02
-1.173717007040977478e-01
-7.140913605690002441e-02
-1.095298528671264648e-01
-9.011050313711166382e-02
-1.039765179157257080e-01
-6.788154691457748413e-02
-9.259205311536788940e-02
-5.393221974372863770e-02
-6.765771657228469849e-02
-9.015933424234390259e-02
-7.116050273180007935e-02
-6.834000349044799805e-02
-8.805659413337707520e-02
-7.939995080232620239e-02
-8.845536410808563232e-02
-9.943965822458267212e-02
-6.326802074909210205e-02
-7.400534301996231079e-02
-1.087438166141510010e-01
-1.009261310100555420e-01
-9.835230559110641479e-02
-8.134713023900985718e-02
-7.535164058208465576e-02
-1.064293459057807922e-01
-6.039810180664062500e-02
-5.735969170928001404e-02
-9.132490307092666626e-02
-9.057553857564926147e-02
-7.741878926753997803e-02
-1.012376621365547180e-01
-8.468567579984664917e-02
-1.048735007643699646e-01
-6.421341747045516968e-02
-9.117767959833145142e-02
-9.985221177339553833e-02
-9.426801651716232300e-02
-9.767589718103408813e-02
-3.671847656369209290e-02
-8.930881321430206299e-02
-7.740202546119689941e-02
-7.322224974632263184e-02
-7.589422911405563354e-02
-9.704998135566711426e-02
-7.174865901470184326e-02
-8.033873140811920166e-02
-1.179371252655982971e-01
-7.726750522851943970e-02
-6.336279213428497314e-02
-9.665327519178390503e-02
-7.464370131492614746e-02
-7.996027171611785889e-02
-8.124703168869018555e-02
-1.085998639464378357e-01
-5.594424530863761902e-02
-8.395331352949142456e-02
-9.988419711589813232e-02
-1.067020371556282043e-01
-7.229408621788024902e-02
-8.127750456333160400e-02
-1.051532775163650513e-01
-1.006540283560752869e-01
-6.956598162651062012e-02
-7.035791873931884766e-02
-7.480276376008987427e-02
-7.405980676412582397e-02
-7.879215478897094727e-02
-8.583804219961166382e-02
-9.513355046510696411e-02
-9.538056701421737671e-02
