8.001132011413574219e-01
3.569371104240417480e-01
4.408937394618988037e-01
6.472415924072265625e-01
3.872793912887573242e-02
9.488958865404129028e-02
5.422288775444030762e-01
3.061078786849975586e-01
2.523169219493865967e-01
2.358536869287490845e-01
7.630302757024765015e-02
2.101852297782897949e-01
8.472369313240051270e-01
5.152093246579170227e-02
3.947287201881408691e-01
5.289965867996215820e-02
9.716692566871643066e-01
2.174500524997711182e-01
1.296427100896835327e-01
5.441337227821350098e-01
6.298262476921081543e-01
1.483468264341354370e-01
2.793712913990020752e-01
1.110429614782333374e-01
1.852344423532485962e-01
3.798877298831939697e-01
7.379260063171386719e-01
3.242936134338378906e-01
1.639867126941680908e-01
3.411048352718353271e-01
9.036047756671905518e-02
1.861661225557327271e-01
5.789550766348838806e-02
1.338636428117752075e-01
4.892317354679107666e-01
7.999271750450134277e-01
5.842651724815368652e-01
3.693204224109649658e-01
1.864186525344848633e-01
8.910176903009414673e-02
7.754585146903991699e-02
1.956289708614349365e-01
1.283276975154876709e-01
2.062002718448638916e-01
4.592653214931488037e-01
7.448913902044296265e-02
5.522661805152893066e-01
4.290938377380371094e-01
2.512943744659423828e-01
7.705862820148468018e-02
2.024141885340213776e-02
1.148881763219833374e-01
6.320657134056091309e-01
2.483804225921630859e-01
1.209830194711685181e-01
7.640126943588256836e-01
6.629812121391296387e-01
9.613493829965591431e-02
5.198269337415695190e-02
1.480466872453689575e-01
7.020183801651000977e-01
9.147753119468688965e-01
1.177613139152526855e-01
2.065524905920028687e-01
1.498594135046005249e-01
5.732790827751159668e-01
3.512416183948516846e-01
7.252844423055648804e-02
6.902708411216735840e-01
3.806860744953155518e-01
1.185448020696640015e-01
1.167869567871093750e-01
1.288442611694335938e+00
8.486552238464355469e-01
4.464674293994903564e-01
2.286372929811477661e-01
3.799750804901123047e-01
5.263719558715820312e-01
2.683221176266670227e-02
1.543619185686111450e-01
2.801076769828796387e-01
8.366470783948898315e-02
1.384770572185516357e-01
1.125460416078567505e-01
2.705333828926086426e-01
1.859179288148880005e-01
7.852187752723693848e-02
5.343817472457885742e-01
7.940006256103515625e-01
4.976357221603393555e-01
3.767951726913452148e-01
1.212940216064453125e-01
2.741148695349693298e-02
1.071121543645858765e-01
2.561819851398468018e-01
5.894105434417724609e-01
6.004670858383178711e-01
3.686832189559936523e-01
3.478754460811614990e-01
7.308199405670166016e-01
3.167617022991180420e-01
2.532025873661041260e-01
6.558943986892700195e-01
2.507035732269287109e-01
6.265941858291625977e-01
3.551687300205230713e-01
1.260830760002136230e-01
5.749793052673339844e-01
6.304983496665954590e-01
6.603355407714843750e-01
5.349524617195129395e-01
1.802705675363540649e-01
5.304778814315795898e-01
5.981462597846984863e-01
1.531267166137695312e-01
1.491458117961883545e-01
1.286878883838653564e-01
2.017966806888580322e-01
7.109887152910232544e-02
2.515125274658203125e-01
4.069038033485412598e-01
1.360315233469009399e-01
3.507111594080924988e-02
2.308068983256816864e-02
1.778743416070938110e-01
2.445890456438064575e-01
3.271500021219253540e-02
4.235063493251800537e-01
2.111803293228149414e-01
3.054947592318058014e-02
2.107275426387786865e-01
5.807715654373168945e-01
2.635887861251831055e-01
1.291299313306808472e-01
2.004059851169586182e-01
9.081469476222991943e-02
2.983996570110321045e-01
5.518260002136230469e-01
6.401754021644592285e-01
6.372932791709899902e-01
2.335325032472610474e-01
4.617169797420501709e-01
7.891923189163208008e-02
2.525985240936279297e-02
3.887747824192047119e-01
1.213262826204299927e-01
3.092601001262664795e-01
3.938271105289459229e-01
8.826582878828048706e-02
1.868757754564285278e-01
2.740524709224700928e-01
3.380908370018005371e-01
2.358266562223434448e-01
3.455231189727783203e-01
2.742534875869750977e-01
4.682365655899047852e-01
3.111446499824523926e-01
1.024562835693359375e+00
3.350031077861785889e-01
4.028222262859344482e-01
2.196891754865646362e-01
2.232706695795059204e-01
8.652741312980651855e-01
5.247996449470520020e-01
5.064386725425720215e-01
7.238954305648803711e-02
5.250965356826782227e-01
3.607402145862579346e-01
1.353440403938293457e+00
1.927543282508850098e-01
4.387773573398590088e-01
3.774020969867706299e-01
7.168005406856536865e-02
5.843320861458778381e-02
5.721591413021087646e-02
2.124853879213333130e-01
6.102013960480690002e-02
5.818806886672973633e-01
5.324440002441406250e-01
6.089776158332824707e-01
3.996317088603973389e-01
6.030399203300476074e-01
4.192143678665161133e-01
1.276539713144302368e-01
4.638835787773132324e-01
2.963286340236663818e-01
4.065614193677902222e-02
1.114175170660018921e-01
2.485324442386627197e-01
6.573044657707214355e-01
2.711798548698425293e-01
1.025812178850173950e-01
7.771639823913574219e-01
6.196400523185729980e-01
1.435062736272811890e-01
2.798610925674438477e-01
2.763803899288177490e-01
6.418799608945846558e-02
6.047742962837219238e-01
7.492499351501464844e-01
7.382482290267944336e-01
2.595580741763114929e-02
2.607143521308898926e-01
4.254308044910430908e-01
1.592372804880142212e-01
3.184009492397308350e-01
2.250690758228302002e-01
8.833174109458923340e-01
3.119889795780181885e-01
6.272021532058715820e-01
1.883870065212249756e-01
1.463104188442230225e-01
5.389070510864257812e-01
3.235890269279479980e-01
8.219650983810424805e-01
8.861789703369140625e-01
4.250030815601348877e-01
7.977408766746520996e-01
5.921406149864196777e-01
7.651506066322326660e-01
3.600194454193115234e-01
8.851394653320312500e-01
2.696646749973297119e-01
7.844293117523193359e-01
3.365156948566436768e-01
9.163330793380737305e-01
3.682386875152587891e-01
5.251996219158172607e-02
3.220050334930419922e-01
2.785660624504089355e-01
9.178701639175415039e-01
1.859754621982574463e-01
1.700969785451889038e-01
2.313067764043807983e-01
2.856186032295227051e-01
3.206335008144378662e-01
4.258693158626556396e-01
5.333449840545654297e-01
1.667802780866622925e-01
1.380141824483871460e-01
4.076565206050872803e-01
4.033990800380706787e-01
1.531328111886978149e-01
2.161821126937866211e-01
2.437645196914672852e-02
1.991956830024719238e-01
4.078455269336700439e-01
5.770560503005981445e-01
5.457736253738403320e-01
6.586083173751831055e-01
3.433988243341445923e-02
1.534674465656280518e-01
1.565735191106796265e-01
2.773310542106628418e-01
5.387911796569824219e-01
1.196664050221443176e-01
4.214552417397499084e-02
3.183352947235107422e-01
5.806879997253417969e-01
7.513929605484008789e-01
3.876062929630279541e-01
6.405215263366699219e-01
5.740398764610290527e-01
3.178184628486633301e-01
1.687870919704437256e-01
1.015980482101440430e+00
3.139928579330444336e-01
3.216020464897155762e-01
9.943240880966186523e-02
1.669848412275314331e-01
3.629532754421234131e-01
4.402420520782470703e-01
3.290959894657135010e-01
2.105600386857986450e-01
1.125400424003601074e+00
2.148268222808837891e-01
3.728530108928680420e-01
7.000414133071899414e-01
3.691874742507934570e-01
4.552679061889648438e-01
6.403443962335586548e-02
7.795701026916503906e-01
2.316624224185943604e-01
3.198976814746856689e-01
1.177846550941467285e+00
1.048123836517333984e-01
4.798940122127532959e-01
5.417405962944030762e-01
6.182150244712829590e-01
3.506601154804229736e-01
7.428656816482543945e-01
5.182079672813415527e-01
7.251012325286865234e-01
5.964806079864501953e-01
6.080491542816162109e-01
3.389813005924224854e-01
7.926590740680694580e-02
4.678776860237121582e-01
2.246289998292922974e-01
1.047897189855575562e-01
2.195517271757125854e-01
3.962042629718780518e-01
3.351791501045227051e-01
1.960182487964630127e-01
4.685970246791839600e-01
6.105107069015502930e-01
1.041238665580749512e+00
7.642614245414733887e-01
5.325735211372375488e-01
1.748937517404556274e-01
2.451990395784378052e-01
3.183088004589080811e-01
3.240887448191642761e-02
2.325675040483474731e-01
2.002395838499069214e-01
7.993022203445434570e-01
4.493307471275329590e-01
1.202340126037597656e-01
4.236782193183898926e-01
1.240349858999252319e-01
1.670618504285812378e-01
4.516112506389617920e-01
2.967772185802459717e-01
2.645066380500793457e-01
2.593893110752105713e-01
3.641354441642761230e-01
1.952192038297653198e-01
1.788010150194168091e-01
5.104057788848876953e-01
6.450500488281250000e-01
1.414474248886108398e-01
4.065490663051605225e-01
4.478346109390258789e-01
2.680789828300476074e-01
6.327205151319503784e-02
1.531699448823928833e-01
2.289589196443557739e-01
4.089054167270660400e-01
2.961752712726593018e-01
6.653691530227661133e-01
5.092523694038391113e-01
4.489704221487045288e-02
3.260793387889862061e-01
2.140631079673767090e-01
7.206107378005981445e-01
1.240498572587966919e-01
7.406494617462158203e-01
3.785588741302490234e-01
4.034363329410552979e-01
5.778108164668083191e-02
8.448950648307800293e-01
1.561385989189147949e-01
3.325697407126426697e-02
8.742164075374603271e-02
2.047390490770339966e-01
5.366071462631225586e-01
1.042510569095611572e-01
5.874968767166137695e-01
1.838211566209793091e-01
2.820729911327362061e-01
7.142305970191955566e-01
9.548813104629516602e-01
5.366550683975219727e-01
2.903615534305572510e-01
2.509984374046325684e-01
1.840903013944625854e-01
1.801760792732238770e-01
3.882479369640350342e-01
2.451407909393310547e-01
3.409503772854804993e-02
9.742312133312225342e-02
1.723628938198089600e-01
5.449211969971656799e-02
2.452428042888641357e-01
9.900568723678588867e-01
4.773648083209991455e-01
1.764816641807556152e-01
1.556713134050369263e-01
2.841790020465850830e-01
4.858436807990074158e-02
4.358678162097930908e-01
2.068302482366561890e-01
2.777001261711120605e-02
3.597460091114044189e-01
1.422252655029296875e-01
4.874570667743682861e-01
4.001069962978363037e-01
8.928541839122772217e-02
5.677210092544555664e-01
4.504948258399963379e-01
6.650514006614685059e-01
1.548273712396621704e-01
4.720975160598754883e-01
2.522599399089813232e-01
4.622511565685272217e-01
8.278863430023193359e-01
4.863497614860534668e-01
5.198497176170349121e-01
7.575095891952514648e-01
3.220793306827545166e-01
3.472265005111694336e-01
4.833115041255950928e-01
6.807806491851806641e-01
3.343698084354400635e-01
7.946726679801940918e-01
2.446893900632858276e-01
3.984661698341369629e-01
5.113725066184997559e-01
8.054494112730026245e-02
8.533124327659606934e-01
4.359673559665679932e-01
2.635529637336730957e-01
3.716182708740234375e-01
2.945541143417358398e-01
7.066462635993957520e-01
3.964931368827819824e-01
1.617269515991210938e-01
3.690454065799713135e-01
2.643833458423614502e-01
6.960592418909072876e-02
9.448168426752090454e-02
5.437448620796203613e-01
5.047603845596313477e-01
3.782987296581268311e-01
2.383658587932586670e-01
2.267990857362747192e-01
1.877898275852203369e-01
2.125712335109710693e-01
8.711946010589599609e-01
1.054610982537269592e-01
4.302621185779571533e-01
1.728476285934448242e-01
5.459564328193664551e-01
5.480405092239379883e-01
2.602232098579406738e-01
3.823831379413604736e-01
7.644364833831787109e-01
5.556597709655761719e-01
6.916759163141250610e-02
1.072718739509582520e+00
7.134734988212585449e-01
5.619288086891174316e-01
9.341018646955490112e-02
2.942035198211669922e-01
3.290534913539886475e-01
3.941931128501892090e-01
1.882385760545730591e-01
1.071209236979484558e-01
4.857832193374633789e-02
5.511762499809265137e-01
3.924643397331237793e-01
1.724784374237060547e-01
2.973421812057495117e-01
2.889381647109985352e-01
1.653994917869567871e-01
1.359346657991409302e-01
5.572343245148658752e-02
1.003257274627685547e+00
1.676978617906570435e-01
6.572547554969787598e-02
5.853825807571411133e-01
5.397964715957641602e-01
2.777298986911773682e-01
5.429846644401550293e-01
5.484010651707649231e-02
1.126990318298339844e-01
3.815906643867492676e-01
4.323389232158660889e-01
6.589176654815673828e-01
4.504732787609100342e-01
9.990341961383819580e-02
1.543056070804595947e-01
7.854617387056350708e-02
8.981671929359436035e-02
5.348800420761108398e-01
7.426381707191467285e-01
1.806656420230865479e-01
1.142447069287300110e-01
4.983956515789031982e-01
7.799128890037536621e-01
3.255755007266998291e-01
2.092168778181076050e-01
5.896704271435737610e-02
5.786193013191223145e-01
6.644813418388366699e-01
4.230640232563018799e-01
9.339413791894912720e-02
5.101938247680664062e-01
1.568531990051269531e-01
4.375679194927215576e-01
4.261468052864074707e-01
6.530301570892333984e-01
1.793485134840011597e-01
1.720983386039733887e-01
1.007929921150207520e+00
3.937567472457885742e-01
2.062792629003524780e-01
5.566138625144958496e-01
2.114289700984954834e-01
3.760439753532409668e-01
3.671442270278930664e-01
4.695659279823303223e-01
3.430650234222412109e-01
5.027399063110351562e-01
4.303489252924919128e-02
6.859455108642578125e-01
3.538560569286346436e-01
6.307682394981384277e-01
5.689066648483276367e-01
2.689319849014282227e-01
2.612990736961364746e-01
7.206774353981018066e-01
4.499998986721038818e-01
1.410397738218307495e-01
1.423418074846267700e-01
3.101062476634979248e-01
7.337760180234909058e-02
6.908637881278991699e-01
3.448025286197662354e-01
9.831662476062774658e-02
5.845527350902557373e-02
3.825230002403259277e-01
3.463833332061767578e-01
1.180007830262184143e-01
7.161194086074829102e-01
2.035357505083084106e-01
2.352936118841171265e-01
8.953717350959777832e-01
1.615163385868072510e-01
3.703419566154479980e-01
1.857537329196929932e-01
5.712272524833679199e-01
9.405504912137985229e-02
3.576148673892021179e-02
3.216285705566406250e-01
1.926678270101547241e-01
6.768463253974914551e-01
4.532311260700225830e-01
4.779426455497741699e-01
1.467501670122146606e-01
2.745687961578369141e-01
6.571409702301025391e-01
1.872565001249313354e-01
3.825940489768981934e-01
8.874195814132690430e-02
4.930571913719177246e-01
1.920699924230575562e-01
2.345072478055953979e-01
1.095603108406066895e-01
2.729564011096954346e-01
3.159008622169494629e-01
4.256274551153182983e-02
9.006978571414947510e-02
1.223700121045112610e-01
1.278820335865020752e-01
7.347622513771057129e-02
1.191040128469467163e-01
2.746546268463134766e-01
1.694114655256271362e-01
8.677884340286254883e-01
7.243576645851135254e-01
3.165921270847320557e-01
2.889589965343475342e-01
9.110695123672485352e-02
1.117903113365173340e+00
7.769546657800674438e-02
3.545299172401428223e-01
4.479478299617767334e-01
2.490153163671493530e-01
5.500043630599975586e-01
1.616105437278747559e-01
4.285658001899719238e-01
4.089307188987731934e-01
4.558466076850891113e-01
7.087622582912445068e-02
9.750135987997055054e-02
3.727841377258300781e-02
1.072524264454841614e-01
3.276310116052627563e-02
2.013675719499588013e-01
1.201179176568984985e-01
2.973031103610992432e-01
4.692370891571044922e-01
1.886109858751296997e-01
4.218207672238349915e-02
4.409057199954986572e-01
2.574405074119567871e-01
3.177147805690765381e-01
2.590229213237762451e-01
6.772461533546447754e-02
4.574979841709136963e-01
4.386225342750549316e-01
1.979966163635253906e-01
1.299218386411666870e-01
2.287202328443527222e-01
9.988368153572082520e-01
1.202789172530174255e-01
3.871430158615112305e-01
1.088151037693023682e-01
1.596136987209320068e-01
7.578063607215881348e-01
1.825648695230484009e-01
2.697101533412933350e-01
2.060442417860031128e-01
1.866241991519927979e-01
9.333973526954650879e-01
5.184727907180786133e-01
6.906179338693618774e-02
6.108552813529968262e-01
4.028843045234680176e-01
9.464769065380096436e-02
6.051996350288391113e-02
4.934561550617218018e-01
1.483085602521896362e-01
1.920680552721023560e-01
4.915757775306701660e-01
7.607909440994262695e-01
6.591621786355972290e-02
2.013676464557647705e-01
3.088727295398712158e-01
1.002599745988845825e-01
3.267302513122558594e-01
2.571753859519958496e-01
1.656134575605392456e-01
6.402417272329330444e-02
2.662719413638114929e-02
9.271880984306335449e-02
8.715405464172363281e-01
2.664999365806579590e-01
1.652320623397827148e-01
5.300941467285156250e-01
6.034229397773742676e-01
1.974905431270599365e-01
1.482235491275787354e-01
4.057026654481887817e-02
1.570368260145187378e-01
1.529819965362548828e-01
5.271627902984619141e-01
1.996299177408218384e-01
4.452637732028961182e-01
1.032927513122558594e+00
5.031047761440277100e-02
3.022035658359527588e-01
1.724845319986343384e-01
5.456959605216979980e-01
2.179443597793579102e+00
1.804731637239456177e-01
2.670301496982574463e-01
5.667456984519958496e-01
4.685193598270416260e-01
1.308716088533401489e-01
6.920629143714904785e-01
1.089245826005935669e-01
3.131911531090736389e-02
1.029929220676422119e-01
5.908542871475219727e-01
5.997917801141738892e-02
4.657443463802337646e-01
7.015905380249023438e-01
1.101111620664596558e-01
2.324462234973907471e-01
1.057092249393463135e-01
8.223964273929595947e-02
1.583294719457626343e-01
9.380103349685668945e-01
4.346608221530914307e-01
1.854468584060668945e-01
3.310907781124114990e-01
3.714374080300331116e-02
6.239686608314514160e-01
1.935076266527175903e-01
1.716862320899963379e-01
6.037740111351013184e-01
2.176939547061920166e-01
1.297812759876251221e-01
5.036687254905700684e-01
3.971075415611267090e-01
4.381834864616394043e-01
3.919909298419952393e-01
1.148224472999572754e+00
4.284794926643371582e-01
4.173392653465270996e-01
3.031809031963348389e-01
4.603348374366760254e-01
3.206457495689392090e-01
3.222399950027465820e-01
7.902132272720336914e-01
6.778698563575744629e-01
4.848696291446685791e-01
6.024874448776245117e-01
9.338056445121765137e-01
8.914347887039184570e-01
5.768772363662719727e-01
4.193541705608367920e-01
4.861970841884613037e-01
4.778744280338287354e-01
6.675111651420593262e-01
3.702315986156463623e-01
8.001525700092315674e-02
1.287789642810821533e-01
3.355176448822021484e-01
2.029498368501663208e-01
2.348362356424331665e-01
6.194734573364257812e-01
4.168717265129089355e-01
2.417623996734619141e-01
4.080905318260192871e-01
4.250048398971557617e-01
7.324719429016113281e-02
1.041254758834838867e+00
4.095362722873687744e-01
1.191971823573112488e-01
2.389540374279022217e-01
3.739878162741661072e-02
1.892022490501403809e-01
5.312756896018981934e-01
6.089379191398620605e-01
1.547817885875701904e-01
2.797937691211700439e-01
7.193179428577423096e-02
9.131854772567749023e-01
7.413084506988525391e-01
6.576423048973083496e-01
1.385558843612670898e-01
2.250142842531204224e-01
5.992501378059387207e-01
2.192603051662445068e-02
1.854836195707321167e-01
7.944810390472412109e-01
5.445644855499267578e-01
4.607684910297393799e-02
7.101135253906250000e-01
1.609937995672225952e-01
4.180867373943328857e-01
1.120639681816101074e+00
7.719711065292358398e-01
6.643801927566528320e-01
3.549017310142517090e-01
9.672098159790039062e-01
5.362604260444641113e-01
2.777596376836299896e-02
2.094431519508361816e-01
6.113934516906738281e-01
8.660259842872619629e-02
5.549231171607971191e-01
2.680300176143646240e-01
4.154689908027648926e-01
1.278395205736160278e-01
1.909546107053756714e-01
3.197240829467773438e-01
2.032080143690109253e-01
9.927713125944137573e-02
2.353378981351852417e-01
4.409258663654327393e-01
3.749086856842041016e-01
7.334005236625671387e-01
1.798273921012878418e-01
8.667173385620117188e-01
1.498616039752960205e-01
1.756136864423751831e-01
5.140513181686401367e-01
4.027581810951232910e-01
1.808161884546279907e-01
4.621583223342895508e-01
3.983226716518402100e-01
9.825816154479980469e-01
3.837768137454986572e-01
3.703191280364990234e-01
4.795436859130859375e-01
2.980488538742065430e-01
3.327943086624145508e-01
8.825853466987609863e-02
9.395083039999008179e-02
2.418751269578933716e-01
3.206473886966705322e-01
1.760814189910888672e-01
2.134696841239929199e-01
9.263337403535842896e-02
4.250482618808746338e-01
1.390368461608886719e+00
7.728139311075210571e-02
2.589551210403442383e-01
3.094400465488433838e-01
2.053863257169723511e-01
3.229076564311981201e-01
8.023024201393127441e-01
2.262482047080993652e-01
3.219812810420989990e-01
1.056901291012763977e-01
1.161310523748397827e-01
1.827133446931838989e-01
2.725624740123748779e-01
1.861775815486907959e-01
2.950291931629180908e-01
2.306264191865921021e-01
3.597721457481384277e-02
6.839311122894287109e-01
6.619705259799957275e-02
9.907925128936767578e-01
1.893646717071533203e-01
1.328764855861663818e-01
6.546806693077087402e-01
7.479728013277053833e-02
3.716541528701782227e-01
1.086325272917747498e-01
3.509990572929382324e-01
6.111351251602172852e-01
1.575270146131515503e-01
1.143445670604705811e-01
1.317506134510040283e-01
8.279159069061279297e-01
1.016096845269203186e-01
4.415759444236755371e-01
2.991780042648315430e-01
1.025768443942070007e-01
3.584049940109252930e-01
4.418086409568786621e-01
3.103146851062774658e-01
7.747308611869812012e-01
1.620485335588455200e-01
5.818785429000854492e-01
1.898273825645446777e-01
1.713312119245529175e-01
4.257400035858154297e-01
5.193148255348205566e-01
3.693563342094421387e-01
4.783326089382171631e-01
3.311314284801483154e-01
1.222970724105834961e+00
4.500215649604797363e-01
8.138702064752578735e-02
7.402630448341369629e-01
5.875127315521240234e-01
3.114809095859527588e-01
3.148517906665802002e-01
5.145944654941558838e-02
2.844491302967071533e-01
7.500782608985900879e-01
2.409637719392776489e-01
1.568053364753723145e-01
2.122180163860321045e-01
1.289034485816955566e-01
4.398971498012542725e-01
8.135153651237487793e-01
4.166342020034790039e-01
2.847725152969360352e-01
4.017167091369628906e-01
5.239900574088096619e-02
3.979822397232055664e-01
9.127351641654968262e-02
6.389479637145996094e-01
2.614943087100982666e-01
4.277506172657012939e-01
2.099792957305908203e-01
8.976150304079055786e-02
3.002508580684661865e-01
2.860402166843414307e-01
7.265461981296539307e-02
7.978861927986145020e-01
1.226795390248298645e-01
1.429708898067474365e-01
2.703779935836791992e-01
7.582957744598388672e-01
1.407554447650909424e-01
2.893682420253753662e-01
1.332636177539825439e-01
3.637056350708007812e-01
4.066941738128662109e-01
9.386485815048217773e-02
7.302299141883850098e-01
1.419917941093444824e-01
1.623305231332778931e-01
3.911502063274383545e-01
4.265057146549224854e-01
5.280777812004089355e-01
4.415080696344375610e-02
6.005935072898864746e-01
4.363027811050415039e-01
6.696403622627258301e-01
3.403355479240417480e-01
1.592006087303161621e-01
1.214219689369201660e+00
2.687771618366241455e-01
2.791482210159301758e-01
1.939699500799179077e-01
1.192445397377014160e+00
9.535585343837738037e-02
2.041719257831573486e-01
5.437316894531250000e-01
2.677154839038848877e-01
4.358060956001281738e-01
3.329191505908966064e-01
5.436220392584800720e-02
5.062783956527709961e-01
4.821256399154663086e-01
4.445427656173706055e-02
7.922194898128509521e-02
6.374675780534744263e-02
2.492429763078689575e-01
5.069084167480468750e-01
2.453950494527816772e-01
2.301537692546844482e-01
6.224847435951232910e-01
1.295370757579803467e-01
5.182850360870361328e-01
1.974115073680877686e-01
6.895751357078552246e-01
1.258620321750640869e-01
7.710773497819900513e-02
6.084058880805969238e-01
2.124899923801422119e-01
3.486007452011108398e-01
4.391751438379287720e-02
4.665777385234832764e-01
3.829470574855804443e-01
4.085712134838104248e-01
1.320399940013885498e-01
3.310861587524414062e-01
1.372895389795303345e-01
5.093478038907051086e-02
2.172594815492630005e-01
2.090782672166824341e-01
6.739103794097900391e-02
4.049981534481048584e-01
4.053025543689727783e-01
8.464293181896209717e-02
3.999957740306854248e-01
2.265385538339614868e-01
7.009195536375045776e-02
1.711332052946090698e-01
5.172823667526245117e-01
4.539133310317993164e-01
3.240284025669097900e-01
4.222829341888427734e-01
1.911432296037673950e-01
5.779871940612792969e-01
7.357271909713745117e-01
6.652366518974304199e-01
8.642718195915222168e-01
2.326804995536804199e-01
8.890571594238281250e-01
7.844741344451904297e-01
2.683447301387786865e-01
1.819381713867187500e-01
3.307650685310363770e-01
5.729215741157531738e-01
4.624945223331451416e-01
5.902221426367759705e-02
1.266117990016937256e-01
7.294301688671112061e-02
4.327908456325531006e-01
1.623175293207168579e-01
3.781768083572387695e-01
1.200996637344360352e-01
4.268086254596710205e-01
1.047508791089057922e-01
2.101820558309555054e-01
5.610266700387001038e-02
1.720202714204788208e-01
6.741117686033248901e-02
1.715770363807678223e-01
2.784424424171447754e-01
7.466005533933639526e-02
9.163372218608856201e-02
1.189240440726280212e-01
3.663046956062316895e-01
5.104038119316101074e-01
2.389000505208969116e-01
2.848684191703796387e-01
3.592767938971519470e-02
8.342139124870300293e-01
2.791908085346221924e-01
1.221179068088531494e-01
4.589860141277313232e-01
4.836642742156982422e-01
5.670374631881713867e-01
5.376614257693290710e-02
4.246387183666229248e-01
5.983706712722778320e-01
4.269230961799621582e-01
1.805426031351089478e-01
4.704966843128204346e-01
2.120997160673141479e-01
2.951317131519317627e-01
1.585807353258132935e-01
8.006683588027954102e-01
3.123092353343963623e-01
2.704317867755889893e-01
5.538600310683250427e-02
6.913599967956542969e-01
8.095622658729553223e-01
6.508365869522094727e-01
2.605175673961639404e-01
2.544676959514617920e-01
2.404304742813110352e-01
4.734171926975250244e-01
8.367624133825302124e-02
4.379594624042510986e-01
8.807659745216369629e-01
5.938650295138359070e-02
5.837694406509399414e-01
8.497350662946701050e-02
1.842993795871734619e-01
5.081870555877685547e-01
7.164043188095092773e-01
6.442648768424987793e-01
2.815874218940734863e-01
5.860717296600341797e-01
3.570105433464050293e-01
2.024970054626464844e-01
3.488852977752685547e-01
2.380468249320983887e-01
2.887916862964630127e-01
4.477903246879577637e-01
3.969191014766693115e-02
4.855961799621582031e-01
8.530774116516113281e-01
3.334851264953613281e-01
6.360819935798645020e-01
2.086410671472549438e-01
9.075544476509094238e-01
1.957987099885940552e-01
4.937876462936401367e-01
5.128036737442016602e-01
