-4.902707338333129883e-01
5.045115575194358826e-02
-4.724090993404388428e-01
4.779699444770812988e-01
-4.027348160743713379e-01
1.388833224773406982e-01
-6.071337461471557617e-01
-3.862645328044891357e-01
-5.253874063491821289e-01
5.150826573371887207e-01
-9.933605194091796875e-01
-5.968841537833213806e-02
-3.676866292953491211e-01
8.391331881284713745e-03
-3.316379189491271973e-01
-7.869817018508911133e-01
-1.184353232383728027e+00
-1.087991476058959961e+00
-1.417308330535888672e+00
4.937821030616760254e-01
-3.823377490043640137e-01
-5.607732534408569336e-01
3.157775700092315674e-01
-1.063669085502624512e+00
6.678653508424758911e-02
-1.272028923034667969e+00
-5.346201062202453613e-01
-2.769593894481658936e-01
-9.782689213752746582e-01
2.592192590236663818e-01
-9.530969262123107910e-01
-6.965249776840209961e-01
-5.160086750984191895e-01
-6.992144584655761719e-01
-4.165747463703155518e-01
-1.007594823837280273e+00
-1.034770488739013672e+00
1.991218328475952148e-01
-8.542225509881973267e-02
-4.998528957366943359e-01
-8.508628606796264648e-01
-4.594184160232543945e-01
-8.201911449432373047e-01
-1.377571940422058105e+00
-8.716637492179870605e-01
-2.246903777122497559e-01
1.698437929153442383e-01
-6.837484836578369141e-01
-1.227230876684188843e-01
4.923804998397827148e-01
1.437381505966186523e-01
-1.213735565543174744e-01
4.633484035730361938e-02
6.528056859970092773e-01
-4.501554667949676514e-01
-4.246045947074890137e-01
9.415638446807861328e-01
5.385623127222061157e-02
-5.850089788436889648e-01
-5.428770780563354492e-01
-1.512541532516479492e+00
-7.579290866851806641e-01
1.104749087244272232e-02
-5.813749432563781738e-01
-1.097406506538391113e+00
-5.368408560752868652e-01
-8.796039819717407227e-01
-1.325776934623718262e+00
3.616084754467010498e-01
-1.306182980537414551e+00
-1.190404057502746582e+00
-2.766615897417068481e-02
-1.729463636875152588e-01
-1.019633054733276367e+00
-3.413983881473541260e-01
-1.448295712471008301e+00
-1.233877420425415039e+00
5.826011300086975098e-01
-7.087762951850891113e-01
-2.378024011850357056e-01
-6.506819725036621094e-01
-3.002457320690155029e-02
-9.459974169731140137e-01
-1.291357755661010742e+00
-6.319926381111145020e-01
-1.909162640571594238e+00
-6.233064532279968262e-01
-8.587410449981689453e-01
-4.904196560382843018e-01
-5.994855761528015137e-01
-6.336578726768493652e-02
-8.340470194816589355e-01
3.163717985153198242e-01
-2.122410774230957031e+00
-3.810043334960937500e-01
-1.160861134529113770e+00
-1.479008316993713379e+00
3.347748816013336182e-01
-9.490504860877990723e-01
8.936898410320281982e-02
-6.932339072227478027e-01
-5.619987845420837402e-01
-1.916100263595581055e+00
-9.376818537712097168e-01
-7.555875778198242188e-01
-1.109930276870727539e+00
-4.449177384376525879e-01
-1.397501468658447266e+00
-3.071504831314086914e-01
-6.886453628540039062e-01
-5.276305079460144043e-01
1.366063207387924194e-01
-5.391278862953186035e-01
-1.244742393493652344e+00
-2.023502826690673828e+00
-9.579108357429504395e-01
-1.564456343650817871e+00
-3.172123432159423828e-01
-6.950953006744384766e-01
-1.469684243202209473e-01
6.830559372901916504e-01
-4.623392224311828613e-01
-7.434427142143249512e-01
-8.263577818870544434e-01
-4.946788772940635681e-02
8.777878284454345703e-01
3.038970194756984711e-02
-1.147174835205078125e+00
