5.170651462549358257e-09
-2.822773348398754933e-09
-1.280312862945720553e-04
1.342249568551778793e-03
-7.783088221913203597e-05
7.100335430720861041e-09
3.453783703477597555e-09
-1.404297456097935992e-09
-2.623485634103417397e-03
-1.046659825476581318e-08
-1.483719813677453203e-09
-3.745134424804064111e-09
9.229995193891227245e-04
3.244839286153933244e-09
7.793080294504761696e-04
5.345940135015325723e-09
2.320646122097969055e-02
6.007646602412819448e-10
-1.461111925893376906e-10
9.941255484591238201e-06
1.001425366848707199e-02
6.705301244802619465e-12
-1.453413860872387886e-04
-6.831769594484171648e-10
2.423612144308862071e-10
-2.858242309500269585e-09
1.618450623936951160e-03
3.493911826524254138e-09
-1.246458491976909499e-08
2.050814828180591576e-06
-6.459939250191837345e-09
-9.132419945672154427e-04
-5.389385382414957348e-09
-3.367283716215752065e-05
2.431061796315248102e-09
1.625960754925159790e-10
7.583808248057266610e-09
5.110841011628508568e-04
1.230771067639579996e-05
8.416772834252128632e-11
-8.107488902453496848e-09
1.845787774072960019e-04
1.435591534537650205e-09
1.072471277439035475e-04
2.040128223598003387e-03
3.657588010241852317e-09
2.769857454509860872e-09
2.167343860492110252e-03
5.764968809671700001e-04
-4.859095133724622428e-05
-3.868549480756655612e-09
-2.934672505006119536e-09
-8.163530296201315650e-09
-4.787427343444505823e-09
6.555068807756470051e-07
-1.916120373479657246e-09
1.399966306053102016e-03
-2.283038702444173396e-05
4.868841441130200565e-10
-1.810796068646425283e-09
6.944444961845874786e-03
-5.677904368894814979e-09
-8.504909665418836084e-09
-1.242942380486056209e-04
1.044929143212414147e-09
1.139482952439152541e-09
-1.649137382209175939e-09
7.916304457467049360e-05
1.053621433675289154e-02
1.571324959037667668e-09
-1.889081795525271446e-05
1.201901578262720705e-09
6.788790862799487513e-09
-4.165828613622579724e-06
-6.763273052712293065e-09
1.030918017619342208e-09
4.029422573381680195e-09
-2.492555939426210898e-09
-4.760027039196756959e-09
1.958718742756104803e-09
-3.648489066421234384e-09
1.086466247215867043e-03
1.761954626999795437e-04
-3.499129874739992374e-09
-2.476305605014772482e-09
-3.188468600257010621e-09
-7.133781565471508657e-09
-5.097530175746101122e-10
6.932311691343784332e-03
8.657797239720821381e-03
3.208975249435752630e-04
-5.976048996672034264e-04
-2.342581319680903107e-05
-9.442546744509172640e-10
-5.072428255203931258e-09
-2.920629293967635931e-09
1.174585055559873581e-02
3.800159298350536119e-09
-1.320637821322634409e-08
-3.695849626339509086e-09
1.127887480834033340e-05
-8.285525109386071563e-05
1.617607660591602325e-02
2.658197481650859118e-04
-7.648747413213641266e-09
-2.339984428445518461e-09
-5.686086712586302383e-09
-1.912301650364156558e-09
-9.613283502574176964e-10
-6.560488145623821765e-06
1.938840723596513271e-03
3.857724362177350486e-09
9.917316958308219910e-03
1.477476488798856735e-02
1.845245133154094219e-04
-1.687223250002034547e-09
3.750503019261941517e-09
-1.677028654833989663e-10
4.360988903329143795e-09
-4.573428746823537949e-09
1.003217112156562507e-04
-2.808123244903981686e-04
2.403151233565381517e-09
-3.460146169587119402e-09
1.048470754660968396e-09
4.359181912150233984e-05
-2.371005393797531724e-04
-3.197254239140079335e-09
-4.719762358718071482e-09
1.492842960360007964e-09
-4.579527303576469421e-03
1.692443038336932659e-03
-3.800717074398107798e-09
-1.663298644416499883e-05
3.063521580770611763e-04
2.757524208973904933e-09
-1.545509609179873678e-09
-1.343880194326629862e-05
1.758235623128712177e-03
1.115774037316441536e-03
1.284927857341244817e-04
2.022065848095166984e-09
-1.827378146117553115e-04
-4.319212987269338555e-09
-3.973393170042527345e-09
-3.094050771323964000e-05
-4.735730474436650184e-09
3.619321953252097046e-09
-6.736769475601533941e-10
-2.290610609634313732e-05
9.902688179863616824e-05
-5.746134679185388450e-09
1.017620597849600017e-04
1.116114844990079291e-08
2.950424232039949857e-06
2.941009588539600372e-03
-5.859562612897661893e-09
4.236198583384975791e-05
-8.930641781645931587e-10
1.844513695687055588e-03
-1.787670678154995585e-09
-3.124375361949205399e-04
1.595152565592172778e-09
-8.654435390553771867e-09
3.637976944446563721e-03
1.610769295723457617e-09
3.151358570903539658e-03
1.763487023076493188e-09
-1.319163246080279350e-03
4.684267696575261652e-05
1.574565478001943575e-09
-1.461585852347013770e-09
-3.114935243502259254e-04
1.625227508128546106e-09
2.783597796707226735e-09
-7.058751361199711027e-10
-5.157670290856231077e-09
4.228484229429341212e-09
-5.002659175801227320e-09
-2.452188346069306135e-04
-2.513606434106918641e-09
9.919835254549980164e-03
-4.254138184478506446e-05
-8.966313907876610756e-05
-5.132431146748217543e-10
-2.224961992425278368e-09
2.799262119879131205e-07
-4.546069298783095292e-09
9.508964139968156815e-04
-4.841322898130329122e-09
4.948387033465451168e-09
2.838994664355887210e-11
-3.442282237031690784e-09
-3.944514992415548704e-10
-5.287715248414315283e-05
-7.145544156372807265e-09
-2.834048773436848023e-09
3.272378671681508422e-05
-6.054810874900340423e-09
1.918102343623218076e-09
-5.818731718676417586e-09
-8.190817468722855210e-10
-4.129781849826485995e-09
-7.051639827615474587e-10
6.336912629194557667e-04
2.014978599618189037e-05
-3.117419691989198327e-05
4.206605286327658177e-09
4.477933543967083097e-05
-2.891982209263233017e-09
-4.913500162295747486e-10
1.010569321806542575e-04
-6.627708604156623551e-09
1.776644727215170860e-03
1.260059047490358353e-02
-2.733974380220161038e-09
4.955323311151005328e-05
4.899872951824590928e-09
-9.516340796835720539e-04
4.844473711074215316e-09
-3.630074296712137993e-10
1.346748135983943939e-02
2.945601474493741989e-03
9.629493579268455505e-03
1.655439846217632294e-04
-3.602348966524004936e-03
5.202651955187320709e-04
-5.403906211398634696e-09
9.558016600408336672e-10
8.687774943894055468e-09
7.380039912519009704e-10
2.903055129621634478e-09
-1.491126222497030085e-09
-3.787889168993530120e-10
-4.284224974782091522e-09
1.791971037164330482e-03
2.640469465404748917e-04
-1.583082831491111619e-10
3.446850678301416337e-05
8.158756536431610584e-04
5.588929634541273117e-03
-4.361482286441287215e-09
5.788214907376243445e-10
-3.935268999555319169e-09
-2.932697418245311383e-09
1.070092039299197495e-04
2.977945376187562943e-03
5.420248955488204956e-03
6.630765381210323994e-11
-1.178511651232838631e-03
-6.539698227392420904e-10
7.301170223961150896e-10
2.160817894036881626e-05
-3.882096866192341622e-09
1.797945704311132431e-03
3.626268007792532444e-04
4.224284784868359566e-04
-1.597642296236045922e-10
-3.913692037116334177e-09
-1.917923952987621306e-08
3.312865010229870677e-05
-8.527092920651568875e-10
-2.750348940026015043e-04
-4.334589132071187123e-09
2.062232466414570808e-03
1.775958824445922346e-09
-4.471073289380456117e-09
2.354670868953689933e-04
-4.783324257005006075e-04
-4.640258266590535641e-04
-3.469030343694612384e-05
-2.401472798396753205e-09
1.460435683839023113e-03
-3.915267221543672349e-09
6.248626392334699631e-03
-8.073324231361311831e-09
-3.436836593095904391e-09
-5.406623149184497379e-09
2.264876384288072586e-04
-1.506068159073947754e-09
-7.003746471667682272e-09
-1.240471281249710955e-09
6.160895682505440618e-10
6.996051524765789509e-05
3.139220883241478077e-09
2.417239302303642035e-04
-7.525128964402938436e-09
-2.344508422538638115e-03
1.874853383654340178e-09
3.989963734056800604e-04
-8.985187038845765528e-10
3.343518573117876258e-09
2.575224207248538733e-04
-8.719065808691084385e-04
1.001127064228057861e-03
-2.315365010829850689e-09
3.961142969188813368e-09
-5.147647308412217626e-10
-2.179248559386337547e-09
5.237214217856944742e-09
-9.163611203177879361e-09
4.513387975748628378e-04
-4.943148113056849979e-09
8.839752541067724678e-11
-4.289216093411596376e-09
-5.586922998190857470e-05
2.161047235131263733e-02
8.624931324696660795e-10
2.045697183348238468e-04
-8.210265800556726390e-10
1.719308966130483896e-05
-5.858275198278306561e-09
-7.626782462466508150e-05
9.675353794591501355e-05
8.759381307754665613e-05
-1.509911751185200046e-09
-4.778851092623881414e-09
5.082639642495223598e-09
8.261988870827963183e-10
2.130103712261188775e-05
8.169678267222479917e-09
1.250929199159145355e-03
1.202786224894225597e-03
-4.437907045939937234e-05
7.643761179565444763e-10
-3.217443644842887807e-09
-1.708309271819530295e-09
1.285241690851535168e-09
5.504084285348653793e-03
-9.453878737986087799e-04
-6.656230107182636857e-05
-2.582604352596717945e-09
1.683556474745273590e-04
9.674600676135014510e-09
6.640414884628853542e-09
4.822437476832419634e-04
-2.445456948052537882e-09
-1.742203603605219087e-09
5.178425926715135574e-04
-1.604978816516222651e-09
1.655515724507949926e-09
4.501787831401315998e-09
-2.338749194308320511e-09
-3.009223759065093873e-09
5.580192419252227864e-10
-1.032852914306658931e-08
5.521639832295477390e-04
2.585039008408784866e-03
3.377611745847275415e-09
6.006272562641967738e-11
1.814105199393623025e-09
-2.000294374582267665e-09
1.529696601210162044e-05
-4.582595720421522856e-04
4.741053327705913034e-09
5.926543846726417542e-03
-9.293528446807641785e-11
2.074775684590690616e-09
-1.515799885964952409e-05
1.533914428364369087e-06
-6.214230019452315901e-09
1.797602139413356781e-02
-3.780742732772957027e-11
2.905605106207076460e-05
-1.035767249746299967e-09
-1.789904199540615082e-04
4.883498938568209269e-09
1.057914778357371688e-05
-4.095032345503568649e-03
-9.318755767040443061e-10
-8.099671489070203734e-10
1.572019736606478091e-09
-4.745274839734747729e-09
6.869775825180113316e-04
-1.033303398401130835e-08
-2.323996328712496506e-09
9.655000176280736923e-04
3.861382992909057066e-06
4.693435640135135145e-10
-3.615912902432683040e-09
4.847090728787861735e-09
2.992274858115706593e-05
4.825417709071189165e-04
2.345944272175159995e-11
1.190773764392361045e-05
2.053311560302972794e-03
3.461918793618679047e-03
-6.401323360272215268e-10
3.627929254435002804e-05
1.126801874488592148e-02
-1.258250215130374272e-08
7.877645202825078741e-09
-2.743508753511036957e-09
-5.426842863975878117e-10
-4.110859652683984677e-09
1.170291472226381302e-02
-1.476404332123593122e-09
3.477274912455641243e-09
2.353589101389275129e-09
3.534627923684752204e-09
-3.750679322678251992e-09
1.430857373634353280e-04
1.059420028468593955e-04
3.468900104053318501e-04
4.634114447981119156e-03
-2.206417702836915851e-04
3.950434271246194839e-03
-1.544107397499772105e-09
-5.392422099248506129e-05
-5.849949413772037587e-09
-5.591128719970583916e-04
4.011809942312538624e-04
6.936803401913493872e-06
-4.175206402834419350e-09
-2.664211740110999926e-09
3.909179646655047691e-09
-1.837951640482060611e-05
2.271552802994847298e-03
-1.400441762555715286e-09
-8.495571357514108968e-09
5.535147007407204001e-09
-3.637152801161391835e-09
9.805216686800122261e-04
1.184040098451077938e-03
-1.788256098755880430e-09
-1.366994711871072354e-10
-3.961024841458993251e-09
5.771204087068326771e-05
-2.589714664935627297e-09
-4.155915167558532630e-09
9.820192437004493513e-10
-3.653759486041963100e-04
-4.393075236919230520e-09
-5.033815586585888013e-09
-9.892583641146757145e-09
-5.958892934643245098e-09
1.722680777311325073e-02
-1.045391684328933479e-08
3.150655538775026798e-05
4.582595429383218288e-04
1.808420382440090179e-02
4.436043088418273328e-09
-6.029833521381533501e-09
-2.408274468734816764e-09
-1.981992348021321959e-09
-1.813251104820778892e-09
5.541112623177468777e-04
1.656723092047229784e-09
2.890083283801914149e-09
-8.634736259338637865e-10
-4.030721534320491628e-09
4.433149115357082337e-06
7.930226253449745855e-09
-7.850025629529966409e-10
-1.429341591574484482e-05
7.388300193866825794e-09
-4.502762052105424573e-10
2.789182215929031372e-02
7.973869564636970608e-09
-1.477378663850004159e-09
-1.484453782119032894e-09
-7.992591417860239744e-05
4.552441532723605633e-05
-4.315246826536167646e-09
-3.082994082248546874e-09
1.464479648660699240e-09
-1.517144410172477365e-04
2.490858605597168207e-05
1.683840900659561157e-02
5.619904492050409317e-03
-1.418607666892057750e-06
2.241758011223282665e-05
-7.370417733909562230e-05
7.928647183241821494e-10
7.797260059838606594e-11
-1.473427935216875539e-09
9.422689799976069480e-06
3.690147714223712683e-04
-4.114521168219198444e-09
-1.839024488248242051e-09
5.349300408852286637e-06
-1.117226844371543848e-08
1.048723934218287468e-04
7.496543228626251221e-03
-3.448429541919040275e-09
2.291185315698385239e-03
5.626516649499535561e-04
4.113853443413972855e-03
-3.788337344303727150e-04
4.355884403173249098e-11
-3.621482173912227154e-04
3.807906878705580311e-09
1.615395817111675569e-09
-6.446273514981726294e-10
-9.888987406725391338e-09
4.060137507622130215e-05
1.105529954656958580e-03
3.160681050218272503e-09
-2.194391196530531829e-10
4.961943253874778748e-03
4.105189521652619078e-09
1.064360607415437698e-02
-4.963623956300011741e-10
-2.695361045468303018e-09
-3.669649917270589867e-09
-7.585634342888170067e-09
-5.268727232277115036e-09
-1.004354710509858251e-09
2.963214340567787985e-09
6.047654314897954464e-04
3.230474540032446384e-04
4.330465162638574839e-05
-4.323731594979562942e-09
-5.731013441589993818e-09
-5.395029312182941794e-09
5.805543268344592889e-10
-4.496474748094669849e-09
-3.246876545404120407e-09
1.264141610590741038e-04
2.506395313517373324e-09
-2.040873368969187140e-05
7.905570237198844552e-05
3.996327577624469995e-04
-1.012329864380490108e-08
4.565918310106553690e-09
1.044697245378145567e-10
-8.919999849865689612e-09
1.959673315286636353e-02
-1.435300691809970886e-05
-6.132276020309745945e-09
-3.713225060764102636e-09
-3.072238685675188208e-09
8.528516781680650638e-10
7.305489102549245217e-09
1.022845299303298816e-05
-4.987723059457493946e-06
7.807006128132343292e-03
-7.713892635763386352e-09
-2.499779494513632017e-09
5.511716008186340332e-04
-3.324939434889984113e-09
-6.529519147591145156e-09
-7.325494100207663450e-10
3.917248614015989006e-05
-4.091890382085239253e-09
2.171979485154906797e-09
6.919019506312906742e-05
-4.085663363184721675e-09
-2.863597137192641640e-09
3.894141118507832289e-04
-5.185037732502451036e-09
-2.601626913900645377e-09
9.094526909336764220e-09
6.569381927334916327e-09
3.854988328555464250e-09
-5.680990788903272914e-09
9.795052768879486393e-09
-1.788978115655481815e-04
-3.063201248210134509e-09
1.469960436224937439e-02
-2.292947831605829379e-09
1.118919812142848969e-03
6.216182955540716648e-04
3.258566527719608530e-09
1.298270281404256821e-02
-1.719273132039234042e-04
2.032647462328895926e-04
-7.794819012474363262e-09
1.518651115475222468e-04
7.517483302521554833e-10
5.176395461603533477e-06
-2.860772285728785391e-09
-1.137925864647115759e-09
4.152158172843201100e-09
-5.046774553818522691e-09
5.169215728528797626e-05
-5.288588678098449236e-09
-8.956649866220800504e-10
4.487255012008972699e-09
3.673858591355383396e-04
2.278021327128953999e-09
-5.191347351996000725e-09
-6.794969475976131434e-09
-5.273927516924459269e-09
1.249276904147222922e-09
-2.827741818478557434e-09
-1.642602831530837193e-09
1.605194411240518093e-04
-1.329266918759230975e-09
2.884587047446984798e-06
-5.690505400224310506e-09
-3.183158181485623572e-09
6.900201551616191864e-04
-1.114720760142517975e-09
-3.884708554835469840e-09
-4.258511876464865509e-10
-2.623203432250420519e-09
1.145668893087758988e-09
-9.722036509174358798e-09
8.653722183282752667e-09
1.604928448796272278e-02
-1.085661642719060183e-04
-1.089834666956335241e-09
5.682067039103344541e-10
2.280179178342223167e-03
2.027531340718269348e-02
3.039367585735974764e-12
-2.122580555763420307e-09
8.755701855989173055e-05
-7.029418824799904542e-09
2.695540206332225353e-05
1.749223987879133801e-09
2.736506758083123714e-05
-7.720005669398233294e-06
2.306352507730480283e-05
3.430888628752626346e-10
2.107216179325632766e-09
4.709560380433686078e-05
-6.993240653230259340e-09
2.360092676845226833e-11
9.093235608936822700e-10
1.632000090623364486e-09
-1.340674643870443106e-04
-1.592204701417188062e-09
-3.369147816556505859e-05
-2.130007947798162604e-09
1.096888269103146740e-08
2.799133369535411475e-09
-2.320251074605650388e-10
-1.910683204187080264e-05
9.236665321488146674e-10
3.679735586047172546e-03
-6.983351795497583225e-06
-4.160802054684609175e-04
4.641722989617846906e-05
-1.822180184518629176e-09
-2.393476606812328100e-04
-6.562910659368981214e-09
6.881243574952122799e-09
2.925108821827393513e-09
1.832790474942669334e-09
-4.883451421022755312e-09
-2.760696515906602144e-04
-2.358605977192951286e-09
-5.846676920384652476e-09
-6.016020415700040758e-05
-2.627627873152960092e-05
-3.488614119806499048e-10
3.527613356709480286e-03
-5.996516172501742403e-09
8.479942152916919440e-06
-1.768490437825676054e-05
-4.191525793117989451e-09
6.391006081685191020e-06
1.581305641984442900e-10
1.163439475931227207e-03
-1.117639492065336526e-08
5.143721892864050460e-09
1.540548074990510941e-02
-1.950519953886065139e-11
-1.002357663537623012e-08
-2.347542431380134076e-05
7.498866416710825433e-09
-1.085779688381194319e-09
-3.548310534284837559e-09
8.031846299161315983e-10
4.482736404298748312e-09
3.329855724487629232e-09
9.841613746175426058e-09
-1.080330935820938976e-08
6.586969636401818207e-09
-3.116382707446518907e-09
6.414097268134355545e-03
-3.451283037136931853e-09
3.092430124524980783e-04
1.016989790514344350e-05
3.147252602502703667e-03
9.726857766509056091e-03
-1.199184307409950634e-09
1.810617877850972945e-09
4.395968034032193827e-09
-2.658458730930846059e-10
2.002807031331599319e-09
2.629840567536234630e-09
2.715071663260459900e-03
2.913057396654039621e-04
-5.932618396542466144e-09
2.034110249951481819e-03
6.564420118593261577e-10
-2.798487219735079634e-09
2.143323794007301331e-02
-1.385608775308355689e-04
1.735687814652919769e-02
-8.047386756970809074e-09
-9.864010053206584416e-09
-5.841482852986246144e-09
9.391674105074798717e-10
-3.974613083101985467e-09
-2.853753233722500227e-09
-2.435067925077305517e-09
-1.920268388744261756e-09
1.135939732193946838e-03
-2.284203674207674339e-06
-2.847380997650361678e-09
5.809044931083917618e-03
2.105750906977732484e-09
2.199222359777763813e-09
-2.485813999086872172e-09
1.331892818257074396e-08
-1.098240520747140181e-08
2.795328036881983280e-04
2.311074204044416547e-04
1.473608572268858552e-04
-7.283333047780615743e-09
-3.669516690507634848e-09
-5.900188116356730461e-04
7.232254350952871391e-09
-2.199943810410331935e-05
-2.058686222881078720e-04
-4.744924353872193024e-06
-5.273669057004326532e-09
7.220485320758029957e-10
-1.525923835288267583e-05
4.633083694471906711e-09
2.021709689870476723e-03
9.098287671804428101e-03
-1.502734492397905797e-09
2.211975269617028061e-09
-3.575366669394952623e-09
-3.283745719784292305e-09
-3.017550209705177622e-09
-5.420638160558155505e-09
2.140988941690125102e-09
5.788851995021104813e-04
1.469574216753244400e-02
5.543243605643510818e-04
4.082570725927325839e-09
5.346076914491959542e-10
3.719598407059265810e-09
6.992562084917608445e-10
-5.640649614058190764e-10
-7.422150893887646816e-09
-3.827648864529464845e-09
6.611204361739453361e-10
-1.930416271278545537e-09
8.101510502456221730e-06
-4.311714728828519583e-04
-3.420886685034929542e-09
3.473808828857727349e-05
8.051918848650529981e-05
-1.266504789931843789e-09
-1.981133682420477271e-04
-4.602559222632862657e-09
2.196576920354686990e-09
-4.469658865247083668e-09
-4.232669326142968202e-09
-4.321103919124880122e-09
-9.431539105264619138e-09
-1.293794921366497874e-04
-5.679744230491223789e-09
-8.757387703894892184e-09
7.148898140130199863e-10
-1.176001387648284435e-05
-2.071542049009167386e-09
-1.238760316546461127e-09
-1.049482030794024467e-03
1.839163717154423949e-11
1.215200027218088508e-04
1.769621885614469647e-04
-1.134738049586303532e-04
3.809156769420951605e-04
-4.097790551327307185e-09
6.750516477040946484e-04
1.649585319682955742e-04
-9.356810437566309702e-09
3.927826508487441970e-09
-4.153999616391956806e-04
-5.631822119767093682e-09
-3.115137481302099332e-09
7.151983894004843023e-09
1.096948049962520599e-03
-3.990448416146819000e-09
2.260918341434603462e-09
5.078477915976264967e-11
-3.009401916642673314e-05
-1.480992772862066431e-09
2.933662617579102516e-04
-1.082773071203746440e-08
1.697038669590256177e-06
-2.039514583884738386e-05
2.257999204280380923e-10
1.043641459546051919e-04
-2.804704246628375586e-09
1.240256708115339279e-03
2.222372131654992700e-04
-2.110849717240625978e-09
9.703322313725948334e-03
2.521174824465788333e-09
1.197509291728238168e-08
2.088646366971147472e-09
3.115924851471163493e-09
8.224596004247075598e-10
9.639058844186365604e-04
7.643450953764840961e-05
-1.462939436258636761e-09
1.621005274454745404e-10
4.021080210804939270e-03
1.529986766399815679e-04
3.217338617744758267e-09
-6.534441490657627583e-05
3.037232533097267151e-02
-3.164625894669370609e-09
2.729987725615501404e-03
-5.588226326125322885e-09
6.018855128786526620e-05
3.264177648816257715e-04
-1.557090727146714926e-04
2.222179773525567725e-09
-4.799306729807994998e-09
-2.343486994504928589e-05
-4.088110294730995520e-09
-5.475191966475279060e-10
-5.307198680526425960e-09
7.354294950800976949e-09
4.211724302649599849e-09
1.873833825811743736e-03
4.353922558948397636e-04
-1.496865479566622525e-05
5.318692419677972794e-04
-1.074417559721041471e-05
1.892675571824042891e-09
8.164680562913417816e-03
1.171481912024319172e-03
9.906145278364419937e-04
1.995162310777232051e-04
3.991272242274135351e-04
-9.843929837938247829e-11
1.738095852488186210e-05
-4.877016568372027905e-10
-6.476129783550277352e-05
-4.619924875441938639e-04
-2.244407770746192909e-09
1.402095425873994827e-03
-7.178082017667009040e-10
-7.895509135380507360e-09
-1.151702163042500615e-04
-1.783314651504497306e-08
-1.408940306646400131e-06
-6.745859718648716807e-05
-2.672251087076915610e-09
-2.787796660186359077e-09
1.616909828250356895e-09
2.906934692958884625e-09
-2.119392661370511632e-09
3.566519080777652562e-05
3.040736773982644081e-04
1.932822124572908251e-09
7.801641555005289774e-10
-2.150896127872670149e-10
-1.002060434629470365e-09
5.496463284515584746e-09
-3.588037866819604460e-09
-3.059764885904314724e-09
-4.500991579448054836e-09
-1.303267604946256597e-09
-8.424487774050248845e-09
-1.130035717777921889e-10
-1.182221986972820105e-09
-9.091926655990789641e-10
6.390360795194283128e-05
-5.747621045770756609e-09
-1.400042970445269930e-09
2.308995026396587491e-04
1.019753166474401951e-03
-2.026937062638012321e-09
2.860863169189542532e-04
1.110234390944242477e-02
1.522970527467748525e-09
-1.646500779315829277e-03
-3.769530798614084688e-10
3.285896443827596158e-09
3.146688686683773994e-05
-7.413260227906448563e-09
-1.332399190978605930e-09
3.454116770384985102e-09
1.667300530243664980e-04
-2.982421809516466737e-10
9.093275465943406743e-09
-3.079304145003902704e-09
-8.817864771692995873e-10
-2.348239380722816350e-09
-2.363895301726870457e-09
-1.574755770228364327e-09
3.797773207026011733e-11
-4.658808450130891288e-09
-1.109842173718789127e-08
-1.235798777088348288e-06
-1.037823160743300832e-09
1.448865659767761827e-04
-1.919975511910365640e-09
-6.384152220562100410e-05
2.968490731003470273e-10
3.321829700198009050e-09
-1.805415816846789312e-09
-5.980450801246206538e-09
1.281804725294932723e-04
1.867850683629512787e-02
1.658952752947584486e-09
-1.636478730304702367e-09
9.285598061978816986e-03
-1.281452366441726554e-08
-4.661568908659319277e-10
6.586668099828330014e-09
-2.540675632189959288e-04
2.016695943893864751e-04
5.308079998940229416e-03
3.450784769043480082e-09
8.183569298125803471e-05
-5.791781276798246836e-09
1.336516342043125860e-09
7.574264600407332182e-05
-9.492053365534047771e-09
-2.384277664191358781e-09
1.030961517244577408e-03
7.044349992213483347e-09
8.291137915117374746e-11
8.964225417003035545e-04
-4.431656430714525641e-11
1.411608163692790185e-09
-5.229492394676071854e-10
-6.568961907760240138e-07
-1.478100752905220361e-09
-5.222593468801051131e-09
1.161890250678254688e-09
-7.722032933088485152e-07
8.788844570517539978e-03
1.533812284469604492e-02
1.012599781802236976e-08
-8.669833184704600626e-10
3.743553037005575845e-11
4.446978341121621270e-09
1.543740183115005493e-02
-3.338220631121657789e-05
-1.392766262142686173e-05
2.126653678715229034e-03
1.064001023769378662e-02
5.994036933465451966e-10
3.477539145535502030e-09
-4.294267608173640838e-09
5.733205034630373120e-05
6.092344406738448015e-10
6.494597304396165782e-09
7.484001253033056855e-05
8.560941205359995365e-05
-4.208895898472064800e-09
1.543474570375735766e-09
-1.073471977974804759e-09
2.099683042615652084e-04
-3.638829682017785672e-09
-1.500006237620254979e-05
-1.281413574361067731e-06
-4.017883803442146018e-09
-1.500181090463570399e-09
-4.796264718720522069e-09
-1.139034200292599053e-08
-1.672364669502712786e-05
-4.340740815678145736e-06
-2.528410814051085254e-09
7.503211691073374823e-06
6.930595845915377140e-04
1.272393634899060544e-09
-4.607688453006630880e-09
-5.973552319460395665e-09
-8.573970262659713626e-05
7.362508040387183428e-05
-4.346778936792361492e-09
-1.290880291549001413e-08
-2.190349901454169412e-09
-2.708937740791839133e-09
1.533418893814086914e-03
1.257175812497735023e-03
7.782867032801732421e-05
-4.278268406210372632e-09
3.652651070495949170e-09
2.400012411030161275e-10
-2.055168850347399712e-03
3.279400756582617760e-03
8.924044281322096595e-10
-2.011789329117164016e-04
-1.798398319152738623e-09
1.247207261621952057e-02
-1.813336925060582416e-09
2.273364829719071167e-10
-5.639196221096653971e-09
-3.195628872632028106e-09
-4.825172261746502045e-09
-6.863440038529233789e-09
-1.204850175184901673e-08
5.409295670688152313e-03
-1.342424060801761243e-09
3.802001380392994179e-09
3.388997527054016246e-09
1.013396758935414255e-04
2.380963870507457614e-09
-7.047156395856291056e-05
5.073572043329477310e-03
4.688911481309787632e-10
-4.947301679436577615e-09
3.219289057554419742e-09
-2.613161242948081053e-09
-2.395273622823879123e-04
-9.667559197623631917e-09
8.864796109264716506e-05
2.332797303097322583e-04
-2.136051335810407181e-09
-2.919844366289225945e-09
7.563722093095748278e-09
3.119108582527729823e-10
2.056056436217090777e-09
6.298996879650076153e-09
1.733181066811084747e-03
-1.391580739529274524e-09
1.379409339278936386e-03
-1.436693652934195597e-09
