2.950826883316040039e-01
4.411772191524505615e-01
1.306280046701431274e-01
1.515378504991531372e-01
1.519118845462799072e-01
7.679687440395355225e-02
2.492224872112274170e-01
2.869227826595306396e-01
1.729465574026107788e-01
9.628294408321380615e-02
1.870341002941131592e-01
2.146264463663101196e-01
1.125158742070198059e-01
2.117486298084259033e-01
1.581268310546875000e-01
3.089681565761566162e-01
3.394582867622375488e-01
7.775013893842697144e-02
1.411413103342056274e-01
5.397474020719528198e-02
1.543398648500442505e-01
1.606609970331192017e-01
2.289865165948867798e-01
1.340304911136627197e-01
1.820214688777923584e-01
8.012025058269500732e-02
1.774779409170150757e-01
1.586412638425827026e-01
1.809921413660049438e-01
2.436997145414352417e-01
3.356041610240936279e-01
1.512359678745269775e-01
7.673688977956771851e-02
3.785710632801055908e-01
2.576214671134948730e-01
5.255463719367980957e-02
1.592772603034973145e-01
1.652893722057342529e-01
8.361865580081939697e-02
2.473591268062591553e-01
2.158999145030975342e-01
9.140258282423019409e-02
2.457770854234695435e-01
1.959841996431350708e-01
9.962030500173568726e-02
1.336129903793334961e-01
2.344619631767272949e-01
1.800168603658676147e-01
3.642412722110748291e-01
1.393413841724395752e-01
2.536380887031555176e-01
1.085047870874404907e-01
2.177356928586959839e-01
3.416850864887237549e-01
1.876825541257858276e-01
2.119821012020111084e-01
1.141548454761505127e-01
1.174870058894157410e-01
2.030373513698577881e-01
2.238086611032485962e-01
2.962609231472015381e-01
2.206574082374572754e-01
1.308806091547012329e-01
2.344322204589843750e-01
3.137906491756439209e-01
1.388754397630691528e-01
3.280546963214874268e-01
2.590641081333160400e-01
2.174859791994094849e-01
3.345448672771453857e-01
3.597406446933746338e-01
1.858592480421066284e-01
1.744280308485031128e-01
1.845965981483459473e-01
1.176887825131416321e-01
9.299538284540176392e-02
2.246575802564620972e-01
1.820487380027770996e-01
2.119573205709457397e-01
1.963206380605697632e-01
2.027798295021057129e-01
2.011428028345108032e-01
1.271547973155975342e-01
1.894911378622055054e-01
7.944264262914657593e-02
2.832514345645904541e-01
2.092440426349639893e-01
4.303497076034545898e-01
3.487620055675506592e-01
2.323544323444366455e-01
2.702593505382537842e-01
1.696959733963012695e-01
1.794952005147933960e-01
1.601063609123229980e-01
1.317533403635025024e-01
1.593099832534790039e-01
1.372481882572174072e-01
2.865830063819885254e-01
2.854330539703369141e-01
1.026781946420669556e-01
3.176090121269226074e-01
6.723360717296600342e-02
2.299454808235168457e-01
1.823789924383163452e-01
9.543092548847198486e-02
2.633199393749237061e-01
2.040778696537017822e-01
1.314845979213714600e-01
2.482774257659912109e-01
1.202824786305427551e-01
2.138574421405792236e-01
2.488632500171661377e-01
2.248699069023132324e-01
9.019996225833892822e-02
1.484470367431640625e-01
1.770610660314559937e-01
1.549403518438339233e-01
2.520418465137481689e-01
1.774534881114959717e-01
2.659147381782531738e-01
2.759521305561065674e-01
1.525326669216156006e-01
1.541506201028823853e-01
1.242541894316673279e-01
2.005721032619476318e-01
1.458620280027389526e-01
1.850958317518234253e-01
3.614514768123626709e-01
2.419309914112091064e-01
5.116565227508544922e-01
3.091212511062622070e-01
3.046215772628784180e-01
1.612522453069686890e-01
1.276916265487670898e-01
2.145520746707916260e-01
1.298885196447372437e-01
2.459781467914581299e-01
6.165099143981933594e-01
1.105538234114646912e-01
1.541599482297897339e-01
1.756232827901840210e-01
1.646298468112945557e-01
1.661247760057449341e-01
1.885513961315155029e-01
1.890791803598403931e-01
1.030731871724128723e-01
1.264173090457916260e-01
1.664063930511474609e-01
2.712533771991729736e-01
6.951637566089630127e-02
2.291835397481918335e-01
1.670894920825958252e-01
1.370918601751327515e-01
1.675797104835510254e-01
1.830013245344161987e-01
3.321816623210906982e-01
1.945314854383468628e-01
1.183940544724464417e-01
7.452703267335891724e-02
5.092952251434326172e-01
2.470817863941192627e-01
2.919902503490447998e-01
1.186812296509742737e-01
9.533063322305679321e-02
2.141331136226654053e-01
1.603243649005889893e-01
1.438920199871063232e-01
8.345524966716766357e-02
2.362248599529266357e-01
1.909955441951751709e-01
1.402883082628250122e-01
4.047000110149383545e-01
3.084128499031066895e-01
4.028789699077606201e-01
2.240411043167114258e-01
1.836909204721450806e-01
1.073598191142082214e-01
1.520047932863235474e-01
2.679134011268615723e-01
1.422442048788070679e-01
1.172385141253471375e-01
2.553734183311462402e-01
1.337682306766510010e-01
9.408783912658691406e-02
2.043672502040863037e-01
1.434841156005859375e-01
2.088154554367065430e-01
1.923195123672485352e-01
4.368944764137268066e-01
1.969444453716278076e-01
1.876044720411300659e-01
4.048746526241302490e-01
2.452304810285568237e-01
1.303698718547821045e-01
1.570962518453598022e-01
2.755509912967681885e-01
3.695816397666931152e-01
2.198475301265716553e-01
1.341221928596496582e-01
1.787016540765762329e-01
2.048928141593933105e-01
7.154331356287002563e-02
2.113945931196212769e-01
4.333185553550720215e-01
9.328066557645797729e-02
1.472877711057662964e-01
2.633291482925415039e-01
7.175097614526748657e-02
2.391062080860137939e-01
7.918002456426620483e-02
3.407306671142578125e-01
1.462396383285522461e-01
1.287529766559600830e-01
3.377291858196258545e-01
4.455234408378601074e-01
1.842814087867736816e-01
8.603978902101516724e-02
1.666415780782699585e-01
4.467658698558807373e-01
3.795744478702545166e-01
3.510749042034149170e-01
1.584728062152862549e-01
1.797142326831817627e-01
8.904764801263809204e-02
3.279113471508026123e-01
7.572626322507858276e-02
2.405602335929870605e-01
1.549595445394515991e-01
2.321939319372177124e-01
1.065338924527168274e-01
2.018488049507141113e-01
5.018163919448852539e-01
1.107548251748085022e-01
2.167574018239974976e-01
3.214393258094787598e-01
2.951836287975311279e-01
8.843560516834259033e-02
2.351822406053543091e-01
1.526889950037002563e-01
1.365151852369308472e-01
1.873383522033691406e-01
2.241061329841613770e-01
2.632663846015930176e-01
1.263092160224914551e-01
1.690827757120132446e-01
1.327700316905975342e-01
4.054727554321289062e-01
2.806367278099060059e-01
2.068894356489181519e-01
8.529641479253768921e-02
2.680447697639465332e-01
2.506785392761230469e-01
6.930311024188995361e-02
2.734920680522918701e-01
3.480788767337799072e-01
2.991161644458770752e-01
3.564430177211761475e-01
2.478871047496795654e-01
3.347316384315490723e-01
1.799402236938476562e-01
3.192566037178039551e-01
1.398064643144607544e-01
1.405860930681228638e-01
1.557838618755340576e-01
1.574484854936599731e-01
2.491058409214019775e-01
1.253636628389358521e-01
1.392263174057006836e-01
1.528991460800170898e-01
2.855287790298461914e-01
1.128754913806915283e-01
8.003038913011550903e-02
2.857167720794677734e-01
1.065462902188301086e-01
3.464403152465820312e-01
8.086792379617691040e-02
2.920818328857421875e-01
1.423474252223968506e-01
2.240635603666305542e-01
2.601782381534576416e-01
2.020845711231231689e-01
1.714222729206085205e-01
3.806654810905456543e-01
1.470251977443695068e-01
2.797991335391998291e-01
6.835208088159561157e-02
2.284463495016098022e-01
1.494432389736175537e-01
1.500747203826904297e-01
2.784021496772766113e-01
1.358091086149215698e-01
2.275826334953308105e-01
2.587267756462097168e-01
3.787486553192138672e-01
2.305968552827835083e-01
3.729571104049682617e-01
3.158870041370391846e-01
2.857385575771331787e-01
1.233198568224906921e-01
1.186139285564422607e-01
8.783740550279617310e-02
2.333656102418899536e-01
7.906003296375274658e-02
4.175521433353424072e-01
1.241229623556137085e-01
3.871468901634216309e-01
1.985491067171096802e-01
3.461476862430572510e-01
1.932470798492431641e-01
2.677364647388458252e-01
3.134629428386688232e-01
1.193865537643432617e-01
8.193708211183547974e-02
1.434031277894973755e-01
1.689539253711700439e-01
1.507848352193832397e-01
1.896574497222900391e-01
3.021822571754455566e-01
2.177051156759262085e-01
1.802520751953125000e-01
2.312025725841522217e-01
1.815750151872634888e-01
1.551317274570465088e-01
7.733353227376937866e-02
1.072558835148811340e-01
2.866461873054504395e-01
2.558130621910095215e-01
1.440134495496749878e-01
2.217192947864532471e-01
1.699579507112503052e-01
9.169717878103256226e-02
6.631109118461608887e-02
1.648184806108474731e-01
1.783469468355178833e-01
8.492967486381530762e-02
3.400439918041229248e-01
1.089060753583908081e-01
2.945596575736999512e-01
1.075715422630310059e-01
2.880881130695343018e-01
1.072773858904838562e-01
3.303558826446533203e-01
3.524455428123474121e-01
2.193225026130676270e-01
1.289212554693222046e-01
1.170188114047050476e-01
1.542597264051437378e-01
4.021268784999847412e-01
1.717753410339355469e-01
2.869114875793457031e-01
1.700763106346130371e-01
2.446945905685424805e-01
2.175257951021194458e-01
2.935247123241424561e-01
1.226617395877838135e-01
1.833959072828292847e-01
1.099128350615501404e-01
2.896212637424468994e-01
1.579385697841644287e-01
1.549665331840515137e-01
2.093970477581024170e-01
2.620189487934112549e-01
4.057980477809906006e-01
3.340902924537658691e-01
5.114898681640625000e-01
8.354203402996063232e-02
7.921382039785385132e-02
1.490613669157028198e-01
7.154821604490280151e-02
1.193963214755058289e-01
4.309312254190444946e-02
3.564648628234863281e-01
9.129108488559722900e-02
9.788041561841964722e-02
3.156871795654296875e-01
4.419325888156890869e-01
1.098076701164245605e-01
2.052855342626571655e-01
9.704328328371047974e-02
2.932414710521697998e-01
2.602764368057250977e-01
1.982523947954177856e-01
1.454053074121475220e-01
1.418825536966323853e-01
1.095319092273712158e-01
2.022576332092285156e-01
3.857670724391937256e-01
1.356785446405410767e-01
1.108865886926651001e-01
2.859106957912445068e-01
1.513591408729553223e-01
2.178859561681747437e-01
1.071990579366683960e-01
1.269318312406539917e-01
2.173066437244415283e-01
1.137733235955238342e-01
9.453048557043075562e-02
1.667127013206481934e-01
3.964817523956298828e-01
2.372747808694839478e-01
2.239808440208435059e-01
4.870289266109466553e-01
2.447493076324462891e-01
1.354091018438339233e-01
1.585649251937866211e-01
1.230155304074287415e-01
1.451386958360671997e-01
1.462562829256057739e-01
1.603132784366607666e-01
1.213307827711105347e-01
1.702938824892044067e-01
1.188513636589050293e-01
8.206110447645187378e-02
1.046797260642051697e-01
2.256127893924713135e-01
1.471985578536987305e-01
2.407266199588775635e-01
1.050041392445564270e-01
1.642750501632690430e-01
1.903336495161056519e-01
2.825491726398468018e-01
2.319375127553939819e-01
2.004221826791763306e-01
1.986670494079589844e-01
8.202891051769256592e-02
1.282637268304824829e-01
1.197657585144042969e-01
1.913453936576843262e-01
7.915621995925903320e-02
2.400208264589309692e-01
1.833761483430862427e-01
4.116630554199218750e-01
2.819638550281524658e-01
1.763574033975601196e-01
2.587231993675231934e-01
1.835923939943313599e-01
3.104529678821563721e-01
2.542499899864196777e-01
1.166398376226425171e-01
1.736574918031692505e-01
1.555887609720230103e-01
3.273815810680389404e-01
1.292918324470520020e-01
9.883612394332885742e-02
1.392141133546829224e-01
4.326562285423278809e-01
1.196573451161384583e-01
2.461685091257095337e-01
1.964135318994522095e-01
8.818507194519042969e-02
2.596339285373687744e-01
1.474729329347610474e-01
1.337227821350097656e-01
1.791003942489624023e-01
1.519958972930908203e-01
1.390822678804397583e-01
2.197633683681488037e-01
1.920742094516754150e-01
3.574016988277435303e-01
3.194521963596343994e-01
1.273852437734603882e-01
3.742223083972930908e-01
8.539944887161254883e-02
2.013680040836334229e-01
1.649892479181289673e-01
1.119383126497268677e-01
2.008391022682189941e-01
1.770189851522445679e-01
7.792967557907104492e-02
1.948485821485519409e-01
1.102100312709808350e-01
7.278817892074584961e-02
9.003064036369323730e-02
3.024782538414001465e-01
2.301336675882339478e-01
1.418949365615844727e-01
3.625298142433166504e-01
2.132331132888793945e-01
1.390161812305450439e-01
1.849651038646697998e-01
1.281672567129135132e-01
2.275029867887496948e-01
3.803247511386871338e-01
1.129789948463439941e-01
1.580283194780349731e-01
2.324695140123367310e-01
1.447501927614212036e-01
2.291156351566314697e-01
2.242424041032791138e-01
2.794610559940338135e-01
2.798698544502258301e-01
6.431455910205841064e-02
6.054671108722686768e-02
1.192909851670265198e-01
1.343321204185485840e-01
1.079931557178497314e-01
2.235076427459716797e-01
2.396736145019531250e-01
9.392751008272171021e-02
8.900103718042373657e-02
1.048321500420570374e-01
2.996465563774108887e-01
2.135609537363052368e-01
9.672842174768447876e-02
1.918775886297225952e-01
4.096377193927764893e-01
2.478912770748138428e-01
2.825894057750701904e-01
7.068207114934921265e-02
7.534593343734741211e-02
4.574952274560928345e-02
2.395420670509338379e-01
2.398394197225570679e-01
2.325914353132247925e-01
3.946033716201782227e-01
2.113342285156250000e-01
7.523481547832489014e-02
1.219320148229598999e-01
1.162345632910728455e-01
1.012354269623756409e-01
2.231107801198959351e-01
2.292502969503402710e-01
2.010195851325988770e-01
1.945161521434783936e-01
3.594068288803100586e-01
1.904229372739791870e-01
1.443414390087127686e-01
8.202085644006729126e-02
3.214052021503448486e-01
2.446826398372650146e-01
2.632847726345062256e-01
9.668803960084915161e-02
3.010098040103912354e-01
2.430593669414520264e-01
1.703562736511230469e-01
2.745264768600463867e-01
1.090143844485282898e-01
1.117523834109306335e-01
2.495135515928268433e-01
7.991539686918258667e-02
6.169795244932174683e-02
1.446442753076553345e-01
1.132259443402290344e-01
1.396693736314773560e-01
1.715745925903320312e-01
4.232406020164489746e-01
8.537473529577255249e-02
1.580676138401031494e-01
3.374371826648712158e-01
5.962789803743362427e-02
1.502672284841537476e-01
2.208050489425659180e-01
2.411894947290420532e-01
2.224666923284530640e-01
1.158788427710533142e-01
8.876678347587585449e-02
1.369899958372116089e-01
1.843386143445968628e-01
8.719544112682342529e-02
1.476758867502212524e-01
8.236251026391983032e-02
1.353844404220581055e-01
1.033612787723541260e-01
8.702805638313293457e-02
2.245903462171554565e-01
1.074058338999748230e-01
1.114582866430282593e-01
2.643798887729644775e-01
2.149468660354614258e-01
1.572869867086410522e-01
1.014399304986000061e-01
6.904266029596328735e-02
2.760510444641113281e-01
2.136711776256561279e-01
1.038133949041366577e-01
2.222104668617248535e-01
1.084444522857666016e-01
1.015133857727050781e-01
1.726318895816802979e-01
6.713277101516723633e-02
1.993485838174819946e-01
2.697127759456634521e-01
1.254231631755828857e-01
3.177324831485748291e-01
2.654280364513397217e-01
1.433260589838027954e-01
1.005447655916213989e-01
3.359687030315399170e-01
2.115709036588668823e-01
7.330726832151412964e-02
1.898663938045501709e-01
1.163742169737815857e-01
2.825076580047607422e-01
3.222552239894866943e-01
2.562639713287353516e-01
5.500485301017761230e-01
1.764308065176010132e-01
3.209903836250305176e-01
1.877824217081069946e-01
1.292234510183334351e-01
3.842530250549316406e-01
2.271493375301361084e-01
7.380263507366180420e-02
1.419090032577514648e-01
1.958484649658203125e-01
2.757430672645568848e-01
2.195711135864257812e-01
2.170106172561645508e-01
2.590837180614471436e-01
1.988114565610885620e-01
2.154473662376403809e-01
3.472616076469421387e-01
1.362346857786178589e-01
1.205725446343421936e-01
2.530774474143981934e-01
1.884019225835800171e-01
1.823743134737014771e-01
3.011927306652069092e-01
7.519462704658508301e-02
1.612696349620819092e-01
8.245744556188583374e-02
2.794069647789001465e-01
1.055515110492706299e-01
2.955528497695922852e-01
1.764944791793823242e-01
2.091469019651412964e-01
9.252964705228805542e-02
2.729723453521728516e-01
1.666407883167266846e-01
1.401664316654205322e-01
1.598893553018569946e-01
1.709810048341751099e-01
1.500608026981353760e-01
4.458019435405731201e-01
2.558312416076660156e-01
1.179044395685195923e-01
3.293747901916503906e-01
2.534715235233306885e-01
2.192329913377761841e-01
1.696896255016326904e-01
1.389491558074951172e-01
2.542480826377868652e-01
1.220793426036834717e-01
2.903522849082946777e-01
8.063896745443344116e-02
2.301854640245437622e-01
2.115294188261032104e-01
1.485417634248733521e-01
2.717320322990417480e-01
1.580660790205001831e-01
2.710802257061004639e-01
2.477899491786956787e-01
1.343285441398620605e-01
7.089138031005859375e-02
1.649003475904464722e-01
3.964898884296417236e-01
1.157919317483901978e-01
6.085498929023742676e-01
1.186446249485015869e-01
8.387809246778488159e-02
3.417934775352478027e-01
1.716486066579818726e-01
1.806256622076034546e-01
2.315727323293685913e-01
1.989106535911560059e-01
7.196699827909469604e-02
1.728053689002990723e-01
1.943555772304534912e-01
3.698161244392395020e-01
1.788578629493713379e-01
2.703227996826171875e-01
1.341831535100936890e-01
2.891191542148590088e-01
2.502691745758056641e-01
4.773216843605041504e-01
1.364053040742874146e-01
1.981249451637268066e-01
1.972289234399795532e-01
1.853859573602676392e-01
3.130379915237426758e-01
7.387559115886688232e-02
2.598441541194915771e-01
2.869863510131835938e-01
3.426547348499298096e-01
3.121275007724761963e-01
1.351111829280853271e-01
4.292431771755218506e-01
1.462134122848510742e-01
9.907519817352294922e-02
1.581671535968780518e-01
2.809683382511138916e-01
1.845861673355102539e-01
1.238297298550605774e-01
2.045103311538696289e-01
1.400169134140014648e-01
1.224708035588264465e-01
2.518360614776611328e-01
2.851568758487701416e-01
1.003622114658355713e-01
1.024963408708572388e-01
2.495169043540954590e-01
7.895291596651077271e-02
1.440504193305969238e-01
2.511017620563507080e-01
1.882535517215728760e-01
6.489542871713638306e-02
2.997003197669982910e-01
1.844432353973388672e-01
2.211980521678924561e-01
2.541409134864807129e-01
1.900411397218704224e-01
2.308802157640457153e-01
2.555844187736511230e-01
4.062981307506561279e-01
1.082910150289535522e-01
9.029266238212585449e-02
1.392572224140167236e-01
1.580318063497543335e-01
1.322467029094696045e-01
1.212811991572380066e-01
1.902424246072769165e-01
2.305235415697097778e-01
1.361556351184844971e-01
8.566717803478240967e-02
9.000836312770843506e-02
2.674705982208251953e-01
2.022691816091537476e-01
1.086093261837959290e-01
2.116642445325851440e-01
1.051526442170143127e-01
3.641037344932556152e-01
1.543361246585845947e-01
9.038578718900680542e-02
2.623603940010070801e-01
7.443948090076446533e-02
8.914427459239959717e-02
3.317060768604278564e-01
2.656172513961791992e-01
1.413295567035675049e-01
2.025742530822753906e-01
2.734633684158325195e-01
1.822604686021804810e-01
1.188406273722648621e-01
1.494701057672500610e-01
1.246841400861740112e-01
3.460873365402221680e-01
2.632665336132049561e-01
2.705162167549133301e-01
1.376004517078399658e-01
3.098119199275970459e-01
2.830616235733032227e-01
1.559496223926544189e-01
3.180674910545349121e-01
8.913514018058776855e-02
1.681645363569259644e-01
3.447859883308410645e-01
4.089111685752868652e-01
1.584693193435668945e-01
2.424708753824234009e-01
2.513726353645324707e-01
3.118003010749816895e-01
2.549263834953308105e-01
1.043507903814315796e-01
3.236241340637207031e-01
1.584294438362121582e-01
1.286731660366058350e-01
6.828329712152481079e-02
3.304310441017150879e-01
1.596689373254776001e-01
1.993324011564254761e-01
1.059399545192718506e-01
2.103091180324554443e-01
3.610016107559204102e-01
8.371592313051223755e-02
1.775660663843154907e-01
1.075191870331764221e-01
2.434453219175338745e-01
3.400985896587371826e-01
2.412285059690475464e-01
2.594161033630371094e-01
2.193540781736373901e-01
2.402887791395187378e-01
1.277863234281539917e-01
3.012421131134033203e-01
7.709345221519470215e-02
1.799728572368621826e-01
2.114921808242797852e-01
1.403002142906188965e-01
1.801906079053878784e-01
4.198928475379943848e-01
1.671942472457885742e-01
3.193913102149963379e-01
4.021882116794586182e-01
1.809673160314559937e-01
1.376332342624664307e-01
1.551861166954040527e-01
1.997110992670059204e-01
2.413984686136245728e-01
2.576524913311004639e-01
1.532741039991378784e-01
1.354998052120208740e-01
1.828915476799011230e-01
9.667182713747024536e-02
1.983475536108016968e-01
2.083605825901031494e-01
2.747254073619842529e-01
2.066469490528106689e-01
1.020932421088218689e-01
4.723856449127197266e-01
4.337680637836456299e-01
3.131732046604156494e-01
4.387294352054595947e-01
9.271027147769927979e-02
1.292726099491119385e-01
1.920120567083358765e-01
3.024986386299133301e-01
1.797392815351486206e-01
1.554576903581619263e-01
1.638754755258560181e-01
3.761761486530303955e-01
1.531636863946914673e-01
4.115017354488372803e-01
2.426520287990570068e-01
1.246581673622131348e-01
1.159873455762863159e-01
2.254948616027832031e-01
2.158617675304412842e-01
2.330620288848876953e-01
1.622997820377349854e-01
1.979250609874725342e-01
1.010345146059989929e-01
6.729342043399810791e-02
1.968364864587783813e-01
3.045353293418884277e-01
2.060566395521163940e-01
2.800694108009338379e-01
1.304134279489517212e-01
8.929345756769180298e-02
3.056893348693847656e-01
2.342746853828430176e-01
1.609575301408767700e-01
1.895724385976791382e-01
4.701904356479644775e-01
1.355755627155303955e-01
9.470605850219726562e-02
1.728082299232482910e-01
3.687749803066253662e-01
1.092101261019706726e-01
2.196102887392044067e-01
1.904732435941696167e-01
2.545365691184997559e-01
2.366628497838973999e-01
5.680777132511138916e-02
1.208930984139442444e-01
9.498584270477294922e-02
1.321321129798889160e-01
2.338076382875442505e-01
1.321629285812377930e-01
2.058234363794326782e-01
1.566282659769058228e-01
1.921534985303878784e-01
1.261193603277206421e-01
2.088910341262817383e-01
1.477628946304321289e-01
1.716443747282028198e-01
1.431734263896942139e-01
3.526838421821594238e-01
9.513125568628311157e-02
1.490423679351806641e-01
3.651942908763885498e-01
3.878906965255737305e-01
1.194897964596748352e-01
1.718410551548004150e-01
2.185337245464324951e-01
2.643116712570190430e-01
2.056782543659210205e-01
9.512674808502197266e-02
3.377310335636138916e-01
1.440135538578033447e-01
1.503291875123977661e-01
6.283803284168243408e-02
7.323143631219863892e-02
1.958883702754974365e-01
1.552495658397674561e-01
1.785002350807189941e-01
4.827825352549552917e-02
2.212029993534088135e-01
9.127087891101837158e-02
5.899087339639663696e-02
2.382706701755523682e-01
1.285360604524612427e-01
1.919042170047760010e-01
1.872826516628265381e-01
2.861926257610321045e-01
1.815793812274932861e-01
1.888276487588882446e-01
2.417853325605392456e-01
1.114284396171569824e-01
5.231045484542846680e-01
1.856273114681243896e-01
2.181709706783294678e-01
1.630115211009979248e-01
1.053885221481323242e-01
4.283414185047149658e-01
1.550612151622772217e-01
1.411170810461044312e-01
7.127837091684341431e-02
1.518223732709884644e-01
1.838591396808624268e-01
1.102803647518157959e-01
1.453485190868377686e-01
4.309523403644561768e-01
1.457614898681640625e-01
2.156081795692443848e-01
2.380854487419128418e-01
8.812158554792404175e-02
3.255738914012908936e-01
1.413481831550598145e-01
9.467229992151260376e-02
1.281364560127258301e-01
1.279838085174560547e-01
1.346574127674102783e-01
1.847140789031982422e-01
2.677886784076690674e-01
2.015348076820373535e-01
1.446729898452758789e-01
1.925773769617080688e-01
7.852421700954437256e-02
1.545148342847824097e-01
2.467345148324966431e-01
1.681592911481857300e-01
1.899738013744354248e-01
1.227844357490539551e-01
2.960751056671142578e-01
2.109104692935943604e-01
1.081603914499282837e-01
9.420552104711532593e-02
2.044399529695510864e-01
3.292497694492340088e-01
1.571329385042190552e-01
2.968558073043823242e-01
2.018870413303375244e-01
3.626034259796142578e-01
5.101892352104187012e-01
3.010475337505340576e-01
1.011380404233932495e-01
2.109606862068176270e-01
2.363512217998504639e-01
3.641795217990875244e-01
9.796933829784393311e-02
2.060582190752029419e-01
1.904005408287048340e-01
1.229509562253952026e-01
2.392345219850540161e-01
8.545794337987899780e-02
2.158652693033218384e-01
1.575913131237030029e-01
1.068450734019279480e-01
1.101633161306381226e-01
2.586078643798828125e-01
9.968516975641250610e-02
2.822680771350860596e-01
2.067870944738388062e-01
8.603922277688980103e-02
1.180969104170799255e-01
1.761645972728729248e-01
1.635196655988693237e-01
2.659624516963958740e-01
2.856380343437194824e-01
2.517721354961395264e-01
1.600945740938186646e-01
1.528076529502868652e-01
2.846725285053253174e-01
2.193089723587036133e-01
2.341778874397277832e-01
3.420810997486114502e-01
2.544241845607757568e-01
2.392272204160690308e-01
1.530761271715164185e-01
2.625317573547363281e-01
4.567651450634002686e-01
3.947518765926361084e-01
1.436605602502822876e-01
2.776404321193695068e-01
3.612852692604064941e-01
1.449807733297348022e-01
2.138115316629409790e-01
3.210061490535736084e-01
2.334694266319274902e-01
3.026601672172546387e-01
1.883702278137207031e-01
1.632281392812728882e-01
1.757035702466964722e-01
1.922091394662857056e-01
1.221902817487716675e-01
1.968957036733627319e-01
2.059734463691711426e-01
2.221509665250778198e-01
4.344922006130218506e-01
1.296326220035552979e-01
2.241855114698410034e-01
2.367927283048629761e-01
2.626464664936065674e-01
2.180031090974807739e-01
1.991424560546875000e-01
1.710900515317916870e-01
2.546839714050292969e-01
2.179464101791381836e-01
2.238150238990783691e-01
1.436017453670501709e-01
1.628515124320983887e-01
1.775406002998352051e-01
6.148005649447441101e-02
2.335145026445388794e-01
5.148771405220031738e-01
1.012973114848136902e-01
2.164220362901687622e-01
1.845631897449493408e-01
1.251612156629562378e-01
1.706165224313735962e-01
7.559675723314285278e-02
1.066974252462387085e-01
2.621572315692901611e-01
8.338306844234466553e-02
