-1.473735719919204712e-01
-8.884873241186141968e-02
-3.118694424629211426e-01
-2.801972329616546631e-01
-4.078598022460937500e-01
-3.279921710491180420e-01
-7.388982921838760376e-02
8.020014315843582153e-02
-3.503218889236450195e-01
-3.864906728267669678e-01
3.026023507118225098e-02
2.471081167459487915e-01
-4.139040410518646240e-02
-1.417309343814849854e-01
-2.899793386459350586e-01
3.962149620056152344e-01
4.439008533954620361e-01
2.383317500352859497e-01
5.099883675575256348e-02
-2.831475436687469482e-01
-2.743166983127593994e-01
4.207379743456840515e-02
3.759779036045074463e-01
-1.903001517057418823e-01
-2.738996446132659912e-01
-8.318280428647994995e-02
1.708212643861770630e-01
-2.986487150192260742e-01
1.009074598550796509e-01
6.383577734231948853e-02
1.789198219776153564e-01
-5.532208681106567383e-01
-5.161054134368896484e-01
-3.720674514770507812e-01
-7.057558000087738037e-02
-1.680588722229003906e-01
-1.494870334863662720e-01
3.022195994853973389e-01
-3.661930859088897705e-01
-8.963850885629653931e-02
-1.548049896955490112e-01
-2.534683942794799805e-01
3.394450247287750244e-02
7.021148502826690674e-02
2.244490534067153931e-01
-1.889889538288116455e-01
1.759385019540786743e-01
1.140056475996971130e-01
6.795088201761245728e-02
-1.838613003492355347e-01
-3.124150335788726807e-01
-5.607265233993530273e-01
-2.268599867820739746e-01
3.356074094772338867e-01
9.861662238836288452e-02
4.526916146278381348e-01
-2.410230338573455811e-01
-4.426936209201812744e-01
-1.779411584138870239e-01
3.581276163458824158e-02
-4.309244453907012939e-01
-4.966948926448822021e-02
-3.337557315826416016e-01
3.949545323848724365e-01
-9.100900590419769287e-02
-2.431101202964782715e-01
2.400393933057785034e-01
9.283815324306488037e-02
8.723385632038116455e-02
-1.935730315744876862e-02
1.699163317680358887e-01
-3.229398280382156372e-02
-3.642148571088910103e-03
1.801909804344177246e-01
-3.105133473873138428e-01
-2.442982792854309082e-01
6.568901985883712769e-02
3.782856836915016174e-02
-2.854625582695007324e-01
-3.935849964618682861e-01
-3.840589821338653564e-01
-2.099699229001998901e-01
-4.128892719745635986e-01
-2.323202192783355713e-01
8.534753322601318359e-02
-2.429351359605789185e-01
-3.365494012832641602e-01
-2.590727806091308594e-01
2.192718237638473511e-01
-2.203952074050903320e-01
1.926646567881107330e-02
-5.003467798233032227e-01
5.135086178779602051e-01
-2.724457085132598877e-01
-3.343399763107299805e-01
1.251871436834335327e-01
2.213831543922424316e-01
1.128946691751480103e-01
-1.427286416292190552e-01
-9.685637801885604858e-02
4.443700015544891357e-01
1.188681498169898987e-01
-3.102035820484161377e-01
4.041036367416381836e-01
-2.821427583694458008e-01
-1.458388417959213257e-01
-2.604396454989910126e-02
-4.193391501903533936e-01
-1.881636381149291992e-01
-9.448232129216194153e-03
2.381586134433746338e-01
-2.227780222892761230e-01
-1.068372353911399841e-01
-3.125092983245849609e-01
4.270248115062713623e-02
7.998739182949066162e-02
-2.377127557992935181e-01
-4.606153964996337891e-01
3.017282485961914062e-01
-1.366533637046813965e-01
5.337450653314590454e-02
9.783761948347091675e-02
-3.222407996654510498e-01
-3.738062083721160889e-01
-1.421508491039276123e-01
-1.287150233983993530e-01
-7.161467522382736206e-02
1.554581969976425171e-01
3.190026581287384033e-01
-5.357873439788818359e-01
-1.599607765674591064e-01
-1.626282036304473877e-01
-2.767375111579895020e-01
-5.723669659346342087e-03
-1.131360381841659546e-01
-2.998212873935699463e-01
1.692533642053604126e-01
4.493512213230133057e-01
-5.780088528990745544e-02
1.735572069883346558e-01
-1.987902969121932983e-01
-5.700332522392272949e-01
-2.009101361036300659e-01
6.777222156524658203e-01
5.447682458907365799e-03
-5.963279679417610168e-02
-1.403510421514511108e-01
-3.598417341709136963e-01
-1.346884220838546753e-01
-9.445174783468246460e-02
1.092154905200004578e-01
-3.459113836288452148e-01
1.040676087141036987e-01
4.235843718051910400e-01
-2.537761814892292023e-02
1.408041119575500488e-01
-1.955435127019882202e-01
2.338425964117050171e-01
-2.450009435415267944e-01
5.240909382700920105e-02
2.702882587909698486e-01
1.879649907350540161e-01
1.697361171245574951e-01
-1.185286343097686768e-01
2.464000582695007324e-01
-2.809308469295501709e-01
-4.932786524295806885e-01
3.299348801374435425e-02
2.155447602272033691e-01
1.048550382256507874e-01
9.710420668125152588e-02
-5.901276469230651855e-01
6.819526106119155884e-02
-1.666621118783950806e-02
2.373293936252593994e-01
-3.498577177524566650e-01
-3.148627877235412598e-01
1.175415515899658203e-01
5.048051476478576660e-01
-2.525295019149780273e-01
-6.702293455600738525e-02
-5.001461878418922424e-02
1.222773343324661255e-01
-4.282789528369903564e-01
-4.160801693797111511e-02
-2.452291697263717651e-01
-1.312263160943984985e-01
-2.355959713459014893e-01
4.195507988333702087e-02
1.872256100177764893e-01
-9.808353334665298462e-02
-6.889804452657699585e-02
-1.544771045446395874e-01
-2.389906197786331177e-01
5.687939748167991638e-02
2.135441452264785767e-02
1.183402612805366516e-01
-3.808777406811714172e-02
-4.470473229885101318e-01
-8.338284492492675781e-02
-3.664241433143615723e-01
3.149275779724121094e-01
-2.840658128261566162e-01
2.611419558525085449e-01
1.374428272247314453e-01
-5.267894268035888672e-01
-1.146097555756568909e-01
-1.582133769989013672e-01
-1.440310478210449219e-01
-1.161828488111495972e-01
2.449969388544559479e-02
-4.862996935844421387e-02
1.156398057937622070e-01
-5.535082519054412842e-02
9.705939888954162598e-02
8.071951568126678467e-02
-1.385208405554294586e-02
-5.245141386985778809e-01
-2.679293043911457062e-02
3.110401332378387451e-02
-2.820316851139068604e-01
2.222965210676193237e-01
-4.809020832180976868e-02
-2.292200773954391479e-01
6.864424794912338257e-02
-3.587409853935241699e-02
3.606874346733093262e-01
-1.463533341884613037e-01
-5.207357406616210938e-01
-4.441204369068145752e-01
-3.246337547898292542e-02
3.601829288527369499e-03
-5.111050233244895935e-02
-5.773875713348388672e-01
3.178625106811523438e-01
-2.020251154899597168e-01
-2.453222870826721191e-01
-4.255326986312866211e-01
-3.275290429592132568e-01
-1.288406848907470703e-01
7.434277534484863281e-01
4.628235399723052979e-01
-2.973084747791290283e-01
-2.563124522566795349e-02
-4.065611660480499268e-01
2.764960229396820068e-01
-1.526175588369369507e-01
3.174777626991271973e-01
8.704090863466262817e-02
-3.774345815181732178e-01
-1.882327049970626831e-01
-2.025707066059112549e-02
-2.536566257476806641e-01
-8.568991906940937042e-03
3.383293151855468750e-01
-7.699561864137649536e-02
1.650646924972534180e-01
-3.343360722064971924e-01
-1.930401176214218140e-01
1.785632967948913574e-01
-2.002574503421783447e-02
-4.928639903664588928e-02
-1.546483933925628662e-01
2.852766029536724091e-02
-3.596594035625457764e-01
2.438707053661346436e-01
-3.252213597297668457e-01
5.535838603973388672e-01
-4.259526133537292480e-01
-1.258997023105621338e-01
-4.662753939628601074e-01
-3.312167245894670486e-04
1.024262160062789917e-01
-1.021868735551834106e-01
-3.013305366039276123e-02
-3.317591845989227295e-01
3.851925954222679138e-02
-1.881332248449325562e-01
-2.180097252130508423e-01
-1.774022430181503296e-01
8.562887459993362427e-02
-2.747530043125152588e-01
-2.639040648937225342e-01
-1.660308451391756535e-03
4.301890432834625244e-01
1.656091213226318359e-01
2.419129759073257446e-01
1.899923235177993774e-01
-7.406289130449295044e-02
-3.143158555030822754e-02
-2.686570286750793457e-01
-9.030799567699432373e-02
1.910089552402496338e-01
-1.827620416879653931e-01
-2.231809347867965698e-01
1.742466241121292114e-01
-1.672410368919372559e-01
1.434472352266311646e-01
-2.223752588033676147e-01
9.806404262781143188e-02
-1.773749738931655884e-01
-9.762115031480789185e-02
-3.731949627399444580e-01
-7.469219714403152466e-02
3.056236803531646729e-01
4.413290917873382568e-01
-1.001446098089218140e-01
3.151582479476928711e-01
-2.906382679939270020e-01
1.749688535928726196e-01
-1.020679771900177002e-01
-3.579040765762329102e-01
-1.331248730421066284e-01
-1.777319610118865967e-01
-1.297699660062789917e-01
-3.629999458789825439e-01
-3.275466263294219971e-01
-1.606089323759078979e-01
1.152231469750404358e-01
-4.029036760330200195e-01
5.175015926361083984e-01
-4.825576394796371460e-02
-2.262094020843505859e-01
2.344224900007247925e-01
-1.186299324035644531e-01
8.364300243556499481e-03
-8.952668309211730957e-02
-1.786590740084648132e-02
-1.687854230403900146e-01
-2.829147279262542725e-01
-5.099793076515197754e-01
2.049220651388168335e-01
-3.173549473285675049e-01
2.233379185199737549e-01
-6.890247762203216553e-02
-1.333722323179244995e-01
1.150882691144943237e-01
7.321741431951522827e-02
-1.214542388916015625e-01
-2.602223157882690430e-01
2.045146375894546509e-02
3.354192078113555908e-01
4.220984876155853271e-02
5.073124766349792480e-01
-3.184364736080169678e-01
-3.944524228572845459e-01
3.498432636260986328e-01
5.652717351913452148e-01
-5.190390348434448242e-01
1.875374466180801392e-01
-3.077127039432525635e-01
-4.121638834476470947e-01
3.874684870243072510e-01
9.348715096712112427e-02
-3.073333203792572021e-01
-7.196754217147827148e-02
1.532537676393985748e-02
3.133844435214996338e-01
2.595202326774597168e-01
7.996726036071777344e-02
-2.607694268226623535e-01
-9.452448785305023193e-02
-1.594861149787902832e-01
-9.504396468400955200e-02
-1.083686798810958862e-01
-5.905157700181007385e-02
-3.018684387207031250e-01
5.506620183587074280e-02
-9.070365875959396362e-02
1.684072315692901611e-01
-1.607741415500640869e-01
-1.470942236483097076e-02
-4.886881411075592041e-01
-5.894904136657714844e-01
1.065477430820465088e-01
-5.317191779613494873e-02
-4.225584492087364197e-02
-1.992792934179306030e-01
-3.864234983921051025e-01
3.422113358974456787e-01
2.720675170421600342e-01
-7.368449866771697998e-02
-3.856650292873382568e-01
3.073327243328094482e-01
-5.801914334297180176e-01
-4.834551811218261719e-01
1.305879503488540649e-01
4.205350279808044434e-01
-3.774248361587524414e-01
-3.189118802547454834e-01
-1.235669553279876709e-01
-2.198431193828582764e-01
-3.630273342132568359e-01
-4.195443987846374512e-01
-2.874587476253509521e-01
-8.569016307592391968e-02
-2.515845000743865967e-01
-2.993741035461425781e-01
-3.880393505096435547e-02
-2.069610953330993652e-01
-2.704284787178039551e-01
1.141480505466461182e-01
2.932631075382232666e-01
-2.583567798137664795e-01
6.686531752347946167e-02
-2.206621617078781128e-01
-2.240746617317199707e-01
1.107638468965888023e-03
1.953363120555877686e-01
-3.527791202068328857e-01
-7.140532881021499634e-02
-2.429563738405704498e-02
-9.332779049873352051e-02
-2.201551198959350586e-01
-3.545569479465484619e-01
1.680804342031478882e-01
-2.186020910739898682e-01
-2.837401628494262695e-01
-8.761547505855560303e-02
2.336198389530181885e-01
9.948076307773590088e-02
-1.126370728015899658e-01
1.500807255506515503e-01
-2.138899117708206177e-01
-3.132957816123962402e-01
-2.090754210948944092e-01
-1.216463446617126465e-01
-1.938751637935638428e-01
-1.085152029991149902e-01
-6.418133974075317383e-01
-1.329900175333023071e-01
5.164761543273925781e-01
1.495887637138366699e-01
-1.789438351988792419e-02
5.079288482666015625e-01
-1.037964671850204468e-01
1.378002017736434937e-01
-6.475301086902618408e-02
-1.854837387800216675e-01
-2.190875113010406494e-01
2.340523302555084229e-01
-2.227445542812347412e-01
-1.499377191066741943e-01
-1.158333942294120789e-01
6.201598420739173889e-02
3.619706630706787109e-01
2.170682698488235474e-01
3.683075681328773499e-02
1.503501683473587036e-01
-3.126329481601715088e-01
-4.387408494949340820e-01
-1.726706624031066895e-01
1.849766373634338379e-01
-3.685322999954223633e-01
-2.140872180461883545e-02
-4.814943373203277588e-01
-2.321258038282394409e-01
-1.740732602775096893e-02
-2.111503332853317261e-01
-7.307860255241394043e-02
-4.772295057773590088e-01
-4.484944045543670654e-02
-7.329084724187850952e-02
2.654771208763122559e-01
1.287873536348342896e-01
-3.837099969387054443e-01
5.460987091064453125e-01
-1.738589555025100708e-01
-4.057402014732360840e-01
-3.429540991783142090e-01
-4.783976376056671143e-01
-2.782300412654876709e-01
-2.895928919315338135e-01
-1.376821547746658325e-01
-2.721234560012817383e-01
-2.781526744365692139e-01
1.646053194999694824e-01
-1.119231730699539185e-01
-6.164427474141120911e-02
2.924623489379882812e-01
-4.513164758682250977e-01
1.316039562225341797e-01
6.018546223640441895e-02
-2.106818109750747681e-01
3.809575736522674561e-01
-5.838091298937797546e-02
-1.087189167737960815e-01
1.797549873590469360e-01
-5.843397378921508789e-01
-3.469965457916259766e-01
-2.490053027868270874e-01
-1.288637816905975342e-01
-9.612023830413818359e-02
-1.589865088462829590e-01
-1.180366054177284241e-01
-2.307298332452774048e-01
1.220019087195396423e-01
1.414374411106109619e-01
-2.209201455116271973e-01
-4.077300727367401123e-01
-2.941668629646301270e-01
2.170351445674896240e-01
9.820811450481414795e-03
-3.873279690742492676e-01
1.077694352716207504e-02
7.941807061433792114e-02
8.546487987041473389e-02
-2.088810205459594727e-01
-2.702046930789947510e-01
-2.774214148521423340e-01
-1.302397996187210083e-01
-2.460209131240844727e-01
2.542122900485992432e-01
4.531878232955932617e-01
1.493366509675979614e-01
8.211019635200500488e-02
-2.077708989381790161e-01
-5.091633200645446777e-01
-2.915863990783691406e-01
-3.192024230957031250e-01
5.300315469503402710e-02
1.265421807765960693e-01
4.151730239391326904e-01
-7.463073730468750000e-02
1.478148507885634899e-03
8.652380108833312988e-02
-9.884461015462875366e-02
-1.838153451681137085e-01
-1.860206015408039093e-02
3.836515247821807861e-01
-2.966631054878234863e-01
-1.123890876770019531e-01
-1.399984490126371384e-02
-3.111784160137176514e-01
-1.075012236833572388e-01
3.302124142646789551e-01
-3.390569984912872314e-01
2.254453003406524658e-01
-6.509791612625122070e-01
-1.695982217788696289e-01
-5.713822320103645325e-03
-1.040202081203460693e-01
-4.331983327865600586e-01
-4.604491293430328369e-01
-5.439275130629539490e-02
4.639794230461120605e-01
-2.044946998357772827e-01
-2.525654137134552002e-01
-3.407957255840301514e-01
-2.675049304962158203e-01
-7.196068763732910156e-02
9.512656182050704956e-02
2.204487919807434082e-01
-1.285469979047775269e-01
4.614210687577724457e-03
-1.624595671892166138e-01
7.230002433061599731e-02
1.777394860982894897e-01
-2.171518951654434204e-01
-3.687159717082977295e-01
-9.155188500881195068e-02
-1.398998200893402100e-01
-5.454494431614875793e-02
-3.158679008483886719e-01
-8.518175780773162842e-02
-1.915233284235000610e-01
-3.532010018825531006e-01
-2.764029204845428467e-01
-4.355597496032714844e-01
-2.428032308816909790e-01
-4.153135716915130615e-01
-2.667455561459064484e-02
-2.060473114252090454e-01
-5.779160261154174805e-01
-4.102257371414452791e-04
-6.552711874246597290e-02
-3.155533075332641602e-01
6.447285413742065430e-02
-3.350343406200408936e-01
1.878683716058731079e-01
3.044210970401763916e-01
1.116036921739578247e-01
-1.007522195577621460e-01
-1.842902749776840210e-01
4.471077919006347656e-01
3.701648116111755371e-01
5.919659044593572617e-03
-3.523518517613410950e-02
2.327264286577701569e-02
-1.359619349241256714e-01
-2.982790172100067139e-01
2.725898921489715576e-01
6.929707527160644531e-02
5.953016504645347595e-02
-8.784849941730499268e-02
5.398814082145690918e-01
-2.217362970113754272e-01
1.042129546403884888e-01
-1.107386052608489990e-01
-8.885759115219116211e-02
8.296041935682296753e-02
-5.281192660331726074e-01
-3.762055039405822754e-01
-2.670357823371887207e-01
-1.034352630376815796e-01
-1.631142348051071167e-01
-2.085272222757339478e-01
-1.207492053508758545e-01
-7.965140044689178467e-02
-4.585919901728630066e-02
2.865235209465026855e-01
-1.513644605875015259e-01
3.297359049320220947e-01
-3.995449542999267578e-01
-8.288703858852386475e-02
-2.942111790180206299e-01
-5.088437199592590332e-01
2.888750135898590088e-01
-1.844442486763000488e-01
1.918479055166244507e-01
-5.225121378898620605e-01
-7.055018842220306396e-02
1.871960759162902832e-01
-2.858176641166210175e-02
5.825070664286613464e-02
-1.810041815042495728e-01
-7.588067092001438141e-03
-3.325186669826507568e-01
1.213355269283056259e-02
-4.042073488235473633e-01
-1.555329933762550354e-02
7.724159210920333862e-02
4.797978997230529785e-01
2.622849047183990479e-01
-3.317144140601158142e-02
2.007053233683109283e-02
1.802603006362915039e-01
-3.829231560230255127e-01
2.209274321794509888e-01
-1.979396939277648926e-01
-3.867033720016479492e-01
3.054134845733642578e-01
-5.462129116058349609e-01
4.511403143405914307e-01
-3.526785969734191895e-01
-1.983936429023742676e-01
1.101562604308128357e-01
1.585522443056106567e-01
2.735835313796997070e-01
-1.224558278918266296e-01
1.344551891088485718e-01
-4.987232014536857605e-02
-2.796368598937988281e-01
-3.839685022830963135e-01
1.210960075259208679e-01
-1.210167109966278076e-01
-1.779494732618331909e-01
1.662153303623199463e-01
7.026457786560058594e-02
-3.778821229934692383e-01
-1.411469653248786926e-02
-7.822826504707336426e-02
-3.518646359443664551e-01
9.335228800773620605e-02
-6.227114200592041016e-01
-1.336871236562728882e-01
1.230601668357849121e-01
1.106024160981178284e-01
-2.935846708714962006e-02
-6.398832052946090698e-02
-2.153684645891189575e-01
-7.506963610649108887e-02
-3.295362591743469238e-01
3.238248527050018311e-01
1.272282190620899200e-02
-3.010048568248748779e-01
-2.301320582628250122e-01
-9.396068006753921509e-02
-2.249218970537185669e-01
-2.420906722545623779e-01
-1.807741969823837280e-01
-5.994485616683959961e-01
2.386556118726730347e-01
-2.808609306812286377e-01
1.498200595378875732e-01
-1.429370790719985962e-01
-1.701236814260482788e-01
-1.002701371908187866e-01
-3.770942986011505127e-01
-3.628066778182983398e-01
-1.476383358240127563e-01
2.695117704570293427e-02
-1.751694083213806152e-01
1.373183131217956543e-01
-2.171294838190078735e-01
-3.855443894863128662e-01
1.651663631200790405e-01
1.923104189336299896e-02
-4.162441194057464600e-01
-2.941258847713470459e-01
-2.152254134416580200e-01
-2.952122688293457031e-01
-1.407007426023483276e-01
3.246321082115173340e-01
-1.333349347114562988e-01
-2.148086726665496826e-01
-2.976397518068552017e-03
1.742310672998428345e-01
1.377825438976287842e-01
6.952560693025588989e-02
1.338098645210266113e-01
-2.590332031250000000e-01
2.801005542278289795e-01
1.089666597545146942e-02
8.300411701202392578e-02
-4.859730899333953857e-01
3.900120407342910767e-02
-5.994313955307006836e-01
1.225586086511611938e-01
-1.373317390680313110e-01
2.020970880985260010e-01
-2.706009745597839355e-01
2.948401495814323425e-02
1.689251512289047241e-01
1.527377367019653320e-01
-6.467580050230026245e-02
1.680769026279449463e-02
5.744557455182075500e-02
2.251917272806167603e-01
-3.845275640487670898e-01
6.397281587123870850e-02
-4.853852391242980957e-01
-3.564717471599578857e-01
-2.316548079252243042e-01
2.948777377605438232e-02
5.447693914175033569e-02
1.481024269014596939e-02
1.006256639957427979e-01
-3.411206603050231934e-01
2.193248569965362549e-01
-1.536173522472381592e-01
-1.626117378473281860e-01
-5.848496686667203903e-03
-3.057743310928344727e-01
3.655475564301013947e-03
1.020523309707641602e-01
-1.337448209524154663e-01
-1.278833150863647461e-01
1.218173746019601822e-02
-1.468842625617980957e-01
-1.861018128693103790e-02
-5.948056280612945557e-02
3.254353702068328857e-01
1.535020619630813599e-01
-3.550042808055877686e-01
3.290033042430877686e-01
2.407580018043518066e-01
-5.966505408287048340e-01
5.659279972314834595e-02
-1.649172045290470123e-02
3.048066049814224243e-03
2.422679774463176727e-02
-1.269178539514541626e-01
-8.173746615648269653e-02
-1.780436187982559204e-01
-1.678919196128845215e-01
-1.951261423528194427e-02
6.957356631755828857e-02
1.575101613998413086e-01
1.912571191787719727e-01
-4.134677350521087646e-01
-1.738595813512802124e-01
2.795837819576263428e-01
-3.778842091560363770e-01
-3.517229855060577393e-01
-4.445902407169342041e-01
-3.316139429807662964e-02
1.126907616853713989e-01
1.581067591905593872e-01
-6.429715454578399658e-02
3.185325115919113159e-02
3.424885869026184082e-01
-1.749120503664016724e-01
-3.365328013896942139e-01
9.424621611833572388e-02
7.197383046150207520e-02
-8.124601095914840698e-02
-5.717126280069351196e-02
2.031772285699844360e-01
3.660434158518910408e-03
-2.643124461174011230e-01
-8.230999857187271118e-02
4.327447712421417236e-01
3.091306984424591064e-01
-5.156194418668746948e-02
-3.332755267620086670e-01
-9.917670488357543945e-02
-3.328069578856229782e-04
-2.983140014111995697e-02
-9.411831200122833252e-02
2.382511943578720093e-01
7.827493548393249512e-02
6.735968589782714844e-02
-5.995241552591323853e-02
-4.721930921077728271e-01
-1.118487864732742310e-01
2.037553191184997559e-01
-3.761050701141357422e-01
2.533841431140899658e-01
1.628648340702056885e-01
3.492706418037414551e-01
2.735160589218139648e-01
-3.676781356334686279e-01
-2.680252194404602051e-01
-4.112357497215270996e-01
-1.006548702716827393e-01
-1.069528535008430481e-01
4.669301807880401611e-01
-1.796645671129226685e-01
8.066131919622421265e-02
-7.086664438247680664e-01
-5.624807253479957581e-02
9.881883859634399414e-03
-3.245528042316436768e-01
-4.061393141746520996e-01
-1.592354625463485718e-01
-1.793033033609390259e-01
-6.194623187184333801e-03
-9.922364354133605957e-02
-1.200213059782981873e-01
-6.808456033468246460e-02
-3.081988394260406494e-01
1.963938474655151367e-01
-4.754924029111862183e-02
-1.594882607460021973e-01
-1.319759041070938110e-01
-5.905862152576446533e-02
-3.911329507827758789e-01
4.154662135988473892e-03
3.137449035421013832e-03
2.992010116577148438e-01
-3.036305494606494904e-02
5.618015676736831665e-02
-4.841937720775604248e-01
-1.692267656326293945e-01
6.674804259091615677e-03
-1.962986886501312256e-01
4.552283585071563721e-01
-9.501897543668746948e-02
-4.685375094413757324e-01
-1.323744952678680420e-01
-1.388923358172178268e-02
-2.589440345764160156e-01
2.743256390094757080e-01
1.578389108180999756e-01
-6.299071013927459717e-02
-5.851622819900512695e-01
-2.578356266021728516e-01
7.522570341825485229e-02
-2.579846084117889404e-01
7.074246555566787720e-02
2.645911462604999542e-02
7.954898476600646973e-02
-2.164647579193115234e-01
-3.517946004867553711e-01
-2.716154456138610840e-01
9.024009853601455688e-02
1.099934577941894531e-01
-3.904634118080139160e-01
-5.622090399265289307e-02
3.773785382509231567e-02
4.890450835227966309e-02
9.361392259597778320e-02
-4.381430149078369141e-02
-1.858467757701873779e-01
-2.584660351276397705e-01
-3.481799960136413574e-01
8.929944038391113281e-02
-4.754597693681716919e-02
6.845625489950180054e-02
-3.542908728122711182e-01
-2.127375155687332153e-01
-2.220569998025894165e-01
3.062065923586487770e-03
3.726468086242675781e-01
-1.632696688175201416e-01
1.294176559895277023e-02
-2.493696361780166626e-01
-2.716189324855804443e-01
-2.674581706523895264e-01
-4.474395811557769775e-01
-5.452867224812507629e-02
-2.078393101692199707e-01
-4.409684836864471436e-01
1.499809026718139648e-01
-3.590790927410125732e-01
-5.840782821178436279e-02
-2.998912930488586426e-01
3.584281206130981445e-01
-4.940969049930572510e-01
9.223824739456176758e-02
-9.702772647142410278e-02
7.929800450801849365e-02
1.122651621699333191e-01
-2.494961768388748169e-01
-1.666956394910812378e-01
-3.369179666042327881e-01
-1.566038131713867188e-01
1.291829645633697510e-01
-1.699604094028472900e-01
-1.337016373872756958e-01
-1.237366944551467896e-01
-3.749621510505676270e-01
-2.024642825126647949e-01
3.404494524002075195e-01
-3.717215359210968018e-01
1.238269060850143433e-01
-2.511974573135375977e-01
-3.314627707004547119e-01
-1.230142563581466675e-01
-5.612642318010330200e-02
2.425649613142013550e-01
2.120249569416046143e-01
-2.529804036021232605e-02
-4.347488284111022949e-03
3.019359707832336426e-01
2.984800338745117188e-01
-2.572533786296844482e-01
2.700676321983337402e-01
-4.132498055696487427e-02
-7.430144399404525757e-02
8.816202729940414429e-02
-1.491295099258422852e-01
1.388903260231018066e-01
1.535866223275661469e-02
-2.402757257223129272e-01
-1.858281642198562622e-01
4.646434634923934937e-02
4.924561083316802979e-01
-2.639745771884918213e-01
4.225056245923042297e-02
8.999274671077728271e-02
1.454120427370071411e-01
-2.550182938575744629e-01
-4.056933149695396423e-02
-3.905035555362701416e-01
1.402033213526010513e-02
2.965144515037536621e-01
1.523231714963912964e-01
2.091125994920730591e-01
-1.209930181503295898e-01
-9.222456067800521851e-02
-2.245938032865524292e-01
1.923002898693084717e-01
-3.682856261730194092e-01
-5.110737085342407227e-01
-1.429435908794403076e-01
-2.786175906658172607e-01
-2.140814252197742462e-02
3.095942735671997070e-01
-3.483081161975860596e-01
3.240650892257690430e-01
-1.595383137464523315e-01
-6.912519782781600952e-02
2.428033761680126190e-02
-2.105678468942642212e-01
-1.248239818960428238e-02
-3.195309042930603027e-01
-2.198936939239501953e-01
2.334390301257371902e-03
-3.232326209545135498e-01
-5.693731904029846191e-01
-2.051208168268203735e-01
-1.196480616927146912e-01
-7.904492318630218506e-03
1.420832574367523193e-01
-1.007180195301771164e-02
-3.078874647617340088e-01
-5.358606576919555664e-02
-1.700123101472854614e-01
4.284599125385284424e-01
4.175798296928405762e-01
-2.655909359455108643e-01
2.967646121978759766e-01
1.690394990146160126e-02
-3.690243959426879883e-01
7.367674261331558228e-02
6.776095181703567505e-02
1.148493364453315735e-01
1.633033305406570435e-01
-1.988905966281890869e-01
1.680339574813842773e-01
4.585715234279632568e-01
-7.549897581338882446e-02
-1.145990192890167236e-01
-3.090685904026031494e-01
6.556480377912521362e-02
-4.025778770446777344e-01
-2.051310241222381592e-01
-7.504273205995559692e-02
-1.044247895479202271e-01
5.476629734039306641e-02
-9.062333405017852783e-02
2.875951826572418213e-01
3.097543492913246155e-02
-2.744854092597961426e-01
-9.970546700060367584e-03
4.105089008808135986e-01
-2.426648139953613281e-01
-2.365281730890274048e-01
-4.435016512870788574e-01
1.447440981864929199e-01
-2.754826247692108154e-01
-3.842163980007171631e-01
7.474184781312942505e-02
3.829233348369598389e-01
-1.041352748870849609e-01
-4.387769848108291626e-02
-5.249083414673805237e-02
2.805576324462890625e-01
-6.366061419248580933e-02
-4.566963016986846924e-01
-3.152396995574235916e-03
-1.461230069398880005e-01
