-4.126339033246040344e-02
-1.861878111958503723e-02
9.448194503784179688e-02
-2.456805482506752014e-02
-1.225838530808687210e-02
1.070604473352432251e-01
-9.174267202615737915e-02
5.375231429934501648e-02
-3.706169128417968750e-02
-5.366420745849609375e-02
-1.148184854537248611e-02
-1.111125666648149490e-02
-3.307987004518508911e-02
-1.014306545257568359e-01
1.540634874254465103e-02
-1.412353217601776123e-01
8.892040699720382690e-03
-1.085309535264968872e-01
2.289211153984069824e-01
8.829680830240249634e-02
7.458531111478805542e-02
-3.034677123650908470e-03
-9.014221280813217163e-02
5.521052330732345581e-02
4.998530074954032898e-02
1.296890527009963989e-01
-2.782112173736095428e-02
-9.930022805929183960e-02
7.763564586639404297e-02
4.448128864169120789e-02
8.495420217514038086e-02
3.222829662263393402e-03
-2.637877769302576780e-04
1.657927874475717545e-03
-3.019274026155471802e-02
-1.039577531628310680e-03
-5.282698199152946472e-02
-1.533921509981155396e-01
1.344864070415496826e-01
2.152163386344909668e-01
3.868083283305168152e-02
1.042512059211730957e-01
4.904223978519439697e-02
-6.388291716575622559e-02
-2.648301236331462860e-02
3.931011632084846497e-02
-8.277356624603271484e-02
7.077644765377044678e-02
2.723325230181217194e-02
-1.079728603363037109e-01
9.674412757158279419e-02
-3.149294480681419373e-02
2.332964725792407990e-02
-9.044586867094039917e-02
-1.806990429759025574e-02
-2.694043889641761780e-02
-1.769717335700988770e-01
-1.111206486821174622e-01
1.241221129894256592e-01
-1.907146424055099487e-01
6.308016180992126465e-02
-1.100606750696897507e-03
1.941716223955154419e-01
-1.412632875144481659e-03
-1.298061311244964600e-01
8.138703554868698120e-02
-1.891304925084114075e-02
8.416999131441116333e-02
5.609725415706634521e-02
1.139804199337959290e-01
-1.702931523323059082e-02
-4.543296247720718384e-02
-3.365964069962501526e-02
9.820612519979476929e-02
6.225018575787544250e-02
1.103505417704582214e-01
-1.221210286021232605e-01
-1.327787060290575027e-02
3.043363243341445923e-02
-6.491614878177642822e-02
-9.115699678659439087e-03
-1.546160280704498291e-01
8.041176944971084595e-02
-8.531156182289123535e-02
2.318316884338855743e-02
-5.566807091236114502e-02
4.378345981240272522e-02
-7.742819190025329590e-02
-1.202796101570129395e-01
4.572027549147605896e-02
-6.027647852897644043e-02
5.532472953200340271e-02
-1.132984533905982971e-01
-4.414741881191730499e-03
-1.323336213827133179e-01
4.439838975667953491e-02
4.736741259694099426e-02
-1.067365258932113647e-01
2.043457888066768646e-02
-9.110134840011596680e-02
1.406126469373703003e-02
-2.117557823657989502e-02
2.357506006956100464e-01
1.515604089945554733e-02
3.300769999623298645e-02
1.140904054045677185e-01
-6.863465905189514160e-02
2.193382978439331055e-01
2.988809021189808846e-03
9.351691603660583496e-02
1.498232968151569366e-02
5.819781497120857239e-02
1.545207668095827103e-02
1.757196933031082153e-01
-1.019027829170227051e-01
2.704082056879997253e-02
-1.813113093376159668e-01
1.226957812905311584e-01
2.109671384096145630e-02
-1.079892590641975403e-01
3.667129576206207275e-02
3.432331606745719910e-02
-2.251110225915908813e-01
-9.263100102543830872e-03
7.151002436876296997e-02
-1.184545531868934631e-01
-4.962524771690368652e-02
-2.007325291633605957e-01
