9.980921745300292969e-01
1.003247737884521484e+00
9.953140020370483398e-01
1.003360629081726074e+00
1.001754403114318848e+00
1.001967072486877441e+00
1.008308172225952148e+00
1.009065508842468262e+00
9.999480247497558594e-01
1.003466963768005371e+00
1.005581736564636230e+00
1.005853414535522461e+00
9.965333938598632812e-01
9.931163787841796875e-01
9.995093941688537598e-01
1.008062720298767090e+00
9.992203116416931152e-01
1.015958905220031738e+00
9.973194599151611328e-01
9.968448877334594727e-01
1.010758996009826660e+00
1.000601768493652344e+00
9.997330307960510254e-01
1.009377956390380859e+00
9.986306428909301758e-01
1.002061963081359863e+00
1.003679513931274414e+00
1.008124351501464844e+00
9.956986904144287109e-01
9.977262020111083984e-01
1.002674818038940430e+00
9.967554807662963867e-01
1.000790476799011230e+00
9.980867505073547363e-01
9.980313181877136230e-01
9.979957938194274902e-01
1.000122070312500000e+00
9.971879124641418457e-01
9.965824484825134277e-01
9.964560866355895996e-01
9.965879321098327637e-01
9.924869537353515625e-01
9.991568326950073242e-01
9.952142834663391113e-01
1.007494807243347168e+00
1.011172175407409668e+00
1.005945086479187012e+00
1.006624937057495117e+00
1.002156615257263184e+00
1.002936601638793945e+00
9.925144910812377930e-01
1.001168727874755859e+00
1.006495118141174316e+00
9.974110722541809082e-01
9.991536140441894531e-01
1.001415491104125977e+00
1.008051276206970215e+00
1.006006836891174316e+00
1.000191450119018555e+00
9.971421360969543457e-01
1.010729074478149414e+00
9.950790405273437500e-01
1.008563280105590820e+00
9.983830451965332031e-01
9.931758642196655273e-01
9.908648133277893066e-01
1.002375960350036621e+00
9.976459741592407227e-01
1.000778079032897949e+00
1.002598285675048828e+00
1.002000331878662109e+00
9.963486194610595703e-01
9.931215643882751465e-01
1.003392696380615234e+00
1.004575729370117188e+00
9.982369542121887207e-01
9.932084679603576660e-01
1.001179575920104980e+00
1.008197188377380371e+00
9.945855140686035156e-01
1.003139495849609375e+00
9.988383054733276367e-01
1.000534892082214355e+00
1.003025889396667480e+00
1.005962729454040527e+00
1.002090454101562500e+00
9.997443556785583496e-01
9.957171678543090820e-01
1.003841876983642578e+00
9.915812611579895020e-01
1.001907229423522949e+00
9.983429908752441406e-01
9.975288510322570801e-01
9.968237876892089844e-01
1.003600001335144043e+00
1.003487586975097656e+00
9.918028116226196289e-01
9.936847686767578125e-01
1.001592040061950684e+00
1.005283594131469727e+00
9.902836084365844727e-01
1.003271102905273438e+00
1.001711845397949219e+00
1.000694870948791504e+00
1.002463221549987793e+00
9.981041550636291504e-01
1.003364562988281250e+00
1.002807617187500000e+00
9.973795413970947266e-01
9.945989847183227539e-01
9.925024509429931641e-01
9.979841709136962891e-01
1.017581820487976074e+00
9.933060407638549805e-01
1.008506894111633301e+00
9.984400272369384766e-01
9.995578527450561523e-01
1.000355601310729980e+00
9.999479055404663086e-01
9.973323345184326172e-01
9.990797042846679688e-01
9.993318319320678711e-01
1.013123750686645508e+00
9.951636791229248047e-01
1.005326747894287109e+00
1.000647544860839844e+00
1.006008148193359375e+00
9.980721473693847656e-01
9.999336004257202148e-01
1.004279971122741699e+00
1.003613710403442383e+00
9.969907402992248535e-01
9.953511953353881836e-01
9.958657622337341309e-01
1.000410676002502441e+00
1.005388259887695312e+00
9.949280023574829102e-01
9.917890429496765137e-01
9.935563802719116211e-01
1.002245306968688965e+00
1.000783562660217285e+00
9.999222755432128906e-01
9.972670674324035645e-01
1.001279592514038086e+00
9.989936947822570801e-01
9.948309063911437988e-01
9.959054589271545410e-01
1.001748681068420410e+00
9.941089749336242676e-01
9.931546449661254883e-01
9.947638511657714844e-01
9.946047663688659668e-01
9.981027245521545410e-01
9.942340254783630371e-01
1.000711679458618164e+00
1.000516057014465332e+00
9.941675066947937012e-01
9.982115030288696289e-01
9.993664026260375977e-01
1.006300926208496094e+00
1.003982543945312500e+00
9.939388036727905273e-01
9.904803633689880371e-01
9.972639083862304688e-01
1.010344624519348145e+00
9.974359869956970215e-01
1.009779810905456543e+00
9.988787770271301270e-01
1.001866221427917480e+00
9.945306777954101562e-01
9.958155155181884766e-01
1.003055453300476074e+00
9.987908005714416504e-01
9.997347593307495117e-01
1.001259565353393555e+00
1.005220890045166016e+00
9.985094666481018066e-01
1.000106811523437500e+00
9.914047718048095703e-01
9.967263340950012207e-01
1.004312872886657715e+00
1.002919197082519531e+00
1.006425261497497559e+00
9.964016675949096680e-01
1.001910090446472168e+00
1.004769444465637207e+00
1.000299811363220215e+00
9.989388585090637207e-01
9.917616844177246094e-01
1.001404285430908203e+00
9.930553436279296875e-01
9.947953820228576660e-01
9.960067272186279297e-01
9.941108226776123047e-01
1.006588101387023926e+00
9.962284564971923828e-01
9.996945261955261230e-01
1.000496864318847656e+00
9.995040893554687500e-01
1.004910945892333984e+00
1.003830790519714355e+00
9.937410354614257812e-01
9.941151738166809082e-01
9.934908747673034668e-01
1.000122666358947754e+00
9.898993372917175293e-01
1.001795768737792969e+00
9.990728497505187988e-01
9.956846833229064941e-01
9.999188184738159180e-01
1.004057884216308594e+00
9.907533526420593262e-01
1.004045844078063965e+00
9.951169490814208984e-01
9.939605593681335449e-01
1.004032969474792480e+00
1.004150032997131348e+00
9.965900182723999023e-01
1.014241933822631836e+00
1.005461812019348145e+00
9.996473789215087891e-01
1.001781702041625977e+00
9.905073642730712891e-01
9.945664405822753906e-01
9.941606521606445312e-01
1.008128404617309570e+00
9.929312467575073242e-01
9.939014315605163574e-01
9.967651367187500000e-01
1.000923991203308105e+00
1.008391499519348145e+00
1.006271243095397949e+00
1.003872394561767578e+00
9.956314563751220703e-01
9.906275272369384766e-01
1.005703091621398926e+00
9.934086203575134277e-01
1.004837155342102051e+00
9.960855245590209961e-01
9.991784691810607910e-01
9.942068457603454590e-01
1.007003068923950195e+00
9.997532367706298828e-01
1.003605246543884277e+00
9.995315074920654297e-01
1.000908613204956055e+00
9.994702935218811035e-01
1.003752708435058594e+00
9.995094537734985352e-01
9.949241876602172852e-01
1.002159237861633301e+00
9.924480319023132324e-01
9.999411106109619141e-01
1.000593543052673340e+00
1.001787781715393066e+00
1.001291751861572266e+00
9.911713600158691406e-01
1.000693798065185547e+00
1.003545880317687988e+00
9.983289241790771484e-01
9.912198781967163086e-01
1.005126357078552246e+00
9.909825325012207031e-01
1.008375525474548340e+00
1.000542044639587402e+00
1.008267641067504883e+00
1.000863671302795410e+00
1.004391551017761230e+00
9.954507946968078613e-01
9.954981207847595215e-01
1.001052379608154297e+00
1.012573957443237305e+00
9.999009966850280762e-01
9.900247454643249512e-01
9.980506896972656250e-01
9.974489212036132812e-01
9.945620894432067871e-01
9.960912466049194336e-01
1.006591677665710449e+00
9.957301020622253418e-01
9.986019134521484375e-01
1.001079201698303223e+00
9.991129040718078613e-01
9.998142719268798828e-01
1.011194467544555664e+00
1.005356550216674805e+00
9.975648522377014160e-01
9.963290095329284668e-01
9.945322871208190918e-01
9.979986548423767090e-01
1.003865003585815430e+00
9.969124197959899902e-01
1.013102531433105469e+00
1.000681519508361816e+00
9.984511137008666992e-01
9.996892809867858887e-01
9.979874491691589355e-01
1.000572443008422852e+00
9.971243143081665039e-01
1.001683235168457031e+00
1.009928107261657715e+00
1.005540966987609863e+00
9.940083026885986328e-01
1.001749873161315918e+00
9.949327707290649414e-01
1.000725269317626953e+00
1.004768013954162598e+00
1.001707911491394043e+00
9.977828860282897949e-01
1.003768801689147949e+00
9.996932744979858398e-01
9.944286346435546875e-01
1.001101493835449219e+00
1.002827644348144531e+00
9.987421631813049316e-01
9.959302544593811035e-01
1.014353752136230469e+00
9.986302256584167480e-01
1.002978801727294922e+00
9.941270351409912109e-01
9.951174855232238770e-01
9.960001707077026367e-01
9.992593526840209961e-01
9.946795701980590820e-01
1.002899408340454102e+00
1.008145213127136230e+00
1.006354570388793945e+00
9.961304068565368652e-01
9.983893632888793945e-01
1.002491354942321777e+00
9.991463422775268555e-01
9.962589740753173828e-01
9.995831251144409180e-01
1.001133322715759277e+00
1.001066327095031738e+00
1.007623076438903809e+00
1.002260565757751465e+00
9.988183975219726562e-01
9.986101984977722168e-01
9.990959167480468750e-01
1.000008583068847656e+00
1.003260850906372070e+00
9.990797042846679688e-01
9.987201094627380371e-01
9.997772574424743652e-01
1.003813028335571289e+00
9.969624280929565430e-01
1.000453948974609375e+00
9.989965558052062988e-01
9.968709349632263184e-01
9.971479177474975586e-01
1.000295162200927734e+00
1.003042101860046387e+00
1.013564944267272949e+00
1.008172035217285156e+00
1.006171107292175293e+00
1.002232074737548828e+00
1.003781676292419434e+00
1.006317019462585449e+00
9.988785386085510254e-01
1.001976728439331055e+00
9.975579380989074707e-01
9.913858175277709961e-01
1.005778789520263672e+00
9.938842654228210449e-01
1.001467227935791016e+00
9.990856051445007324e-01
9.980316758155822754e-01
9.987026453018188477e-01
9.964050650596618652e-01
1.001460790634155273e+00
9.940798878669738770e-01
1.002866506576538086e+00
9.911992549896240234e-01
9.983984827995300293e-01
1.002980351448059082e+00
1.006154775619506836e+00
1.005943417549133301e+00
9.971109032630920410e-01
1.003278851509094238e+00
1.002956390380859375e+00
9.954526424407958984e-01
9.978129267692565918e-01
1.007244706153869629e+00
1.000518798828125000e+00
1.005946993827819824e+00
9.966555237770080566e-01
1.000913977622985840e+00
1.002662420272827148e+00
9.984766244888305664e-01
9.856988787651062012e-01
1.001649260520935059e+00
1.006222248077392578e+00
1.000373482704162598e+00
9.994572401046752930e-01
9.949136972427368164e-01
1.002843379974365234e+00
1.003557324409484863e+00
1.003885507583618164e+00
1.002301573753356934e+00
1.000203847885131836e+00
9.965157508850097656e-01
1.003037452697753906e+00
9.954360127449035645e-01
9.962518811225891113e-01
1.003363490104675293e+00
9.939963221549987793e-01
1.000721812248229980e+00
9.991736412048339844e-01
1.003994107246398926e+00
1.008605480194091797e+00
1.000755786895751953e+00
1.005057215690612793e+00
9.961940050125122070e-01
1.000091910362243652e+00
1.004858493804931641e+00
9.989688992500305176e-01
9.992253184318542480e-01
1.008076190948486328e+00
1.000145554542541504e+00
1.002362132072448730e+00
9.961189627647399902e-01
9.929848909378051758e-01
1.010307788848876953e+00
9.964300394058227539e-01
9.934459328651428223e-01
9.955075383186340332e-01
1.000505208969116211e+00
1.000273585319519043e+00
9.980491995811462402e-01
9.994540810585021973e-01
9.966866970062255859e-01
9.886989593505859375e-01
9.965158104896545410e-01
9.991902112960815430e-01
9.928864240646362305e-01
1.001535773277282715e+00
9.943185448646545410e-01
9.969157576560974121e-01
9.990491271018981934e-01
9.966142773628234863e-01
9.973979592323303223e-01
9.979803562164306641e-01
9.951121807098388672e-01
9.918366074562072754e-01
1.003218650817871094e+00
1.014856100082397461e+00
1.000710606575012207e+00
9.987139701843261719e-01
9.944918751716613770e-01
9.942545890808105469e-01
1.011974096298217773e+00
9.983896017074584961e-01
1.002366900444030762e+00
1.002090573310852051e+00
9.933506846427917480e-01
1.007210850715637207e+00
9.978523850440979004e-01
9.943991899490356445e-01
1.001093864440917969e+00
1.003393888473510742e+00
1.017161607742309570e+00
9.936574697494506836e-01
9.899781942367553711e-01
9.955571889877319336e-01
9.908130764961242676e-01
1.000336289405822754e+00
9.999036192893981934e-01
9.968766570091247559e-01
1.002029180526733398e+00
1.002644538879394531e+00
1.010133504867553711e+00
9.959863424301147461e-01
9.976900219917297363e-01
1.002221345901489258e+00
9.978179335594177246e-01
9.979017376899719238e-01
9.958879947662353516e-01
1.002065062522888184e+00
1.004732012748718262e+00
1.000392079353332520e+00
1.008480072021484375e+00
9.960594773292541504e-01
1.005343317985534668e+00
1.001886487007141113e+00
1.008116722106933594e+00
1.006399273872375488e+00
9.975858926773071289e-01
9.973195791244506836e-01
9.998703002929687500e-01
9.967175722122192383e-01
9.990671873092651367e-01
1.002320528030395508e+00
9.994130730628967285e-01
9.985153675079345703e-01
9.878169298171997070e-01
9.930836558341979980e-01
9.986219406127929688e-01
1.003321170806884766e+00
9.983401894569396973e-01
1.005668044090270996e+00
9.970396757125854492e-01
1.000721096992492676e+00
9.941266179084777832e-01
9.990547299385070801e-01
9.994257688522338867e-01
9.949385523796081543e-01
9.988448023796081543e-01
9.985482692718505859e-01
1.004728198051452637e+00
1.008528828620910645e+00
9.983048439025878906e-01
