-7.182787060737609863e-01
-6.304485797882080078e-01
-1.436078667640686035e+00
-7.830982208251953125e-01
-2.899848818778991699e-01
4.312637150287628174e-01
8.548571169376373291e-02
-4.261687397956848145e-01
-7.904897332191467285e-01
-1.192922219634056091e-01
-1.327362418174743652e+00
-1.935034394264221191e-01
6.641966104507446289e-01
-2.342977672815322876e-01
-1.332160115242004395e+00
-4.283143952488899231e-02
1.352189853787422180e-02
4.043292626738548279e-02
-6.285811662673950195e-01
-6.851738691329956055e-01
6.512870639562606812e-02
2.508492767810821533e-01
-3.771825730800628662e-01
1.029293775558471680e+00
-1.447554707527160645e+00
-1.339758276939392090e+00
7.937949895858764648e-01
-2.113622277975082397e-01
7.830536365509033203e-01
-1.166359782218933105e+00
-2.550998032093048096e-01
-2.489172220230102539e-01
-7.349020838737487793e-01
-1.039129495620727539e+00
-1.148201704025268555e+00
-9.434082508087158203e-01
-6.807985901832580566e-01
3.710684776306152344e-01
-3.236230909824371338e-01
-3.273457288742065430e-01
1.018478512763977051e+00
-5.347414016723632812e-01
-1.470468878746032715e+00
-1.715544581413269043e+00
-4.900369346141815186e-01
4.281353354454040527e-01
-5.054569840431213379e-01
-2.080149948596954346e-01
-6.918479204177856445e-01
-1.235019713640213013e-01
-1.963047981262207031e-01
-2.508112192153930664e-01
-1.030232906341552734e+00
-9.676656723022460938e-01
8.316594958305358887e-01
1.626260280609130859e+00
6.871909499168395996e-01
-1.578497767448425293e+00
-7.155191153287887573e-02
3.105281889438629150e-01
6.794788241386413574e-01
-2.564003765583038330e-01
4.798835515975952148e-01
2.341839522123336792e-01
-1.392677426338195801e+00
9.857740253210067749e-02
-3.342953622341156006e-01
-1.616921782493591309e+00
1.235789656639099121e-01
3.030076920986175537e-01
-1.451877832412719727e+00
-6.824065446853637695e-01
-1.483900904655456543e+00
-9.669592380523681641e-01
-4.929518997669219971e-01
8.866180777549743652e-01
-2.015470266342163086e-01
5.446788668632507324e-01
8.617687039077281952e-03
-1.301018334925174713e-02
-2.836635112762451172e+00
-2.103867769241333008e+00
-1.213042140007019043e+00
9.007683992385864258e-01
1.215116456151008606e-01
1.934301108121871948e-01
-4.635472297668457031e-01
-8.101155757904052734e-01
-4.840843975543975830e-01
-5.360537767410278320e-01
-6.474021673202514648e-01
-1.177360177040100098e+00
-3.582271281629800797e-03
-1.679135441780090332e+00
1.430327631533145905e-02
4.101548790931701660e-01
2.017873376607894897e-01
-6.026496291160583496e-01
-2.314968585968017578e+00
-3.022800683975219727e-01
-6.928400993347167969e-01
-9.124695509672164917e-02
-9.719300866127014160e-01
3.450843095779418945e-01
9.290399551391601562e-01
-1.513774693012237549e-01
-4.084977805614471436e-01
5.373908281326293945e-01
2.793333828449249268e-01
-2.554369866847991943e-01
-7.928333282470703125e-01
-4.363030493259429932e-01
-5.109727978706359863e-01
9.085413813591003418e-01
-1.011952310800552368e-01
2.752677500247955322e-01
7.112337946891784668e-01
-6.395021080970764160e-01
-4.872819483280181885e-01
4.598371088504791260e-01
2.579346597194671631e-01
-2.393683791160583496e-02
7.981129735708236694e-02
5.156160593032836914e-01
-9.686738848686218262e-01
-7.648721337318420410e-01
-1.037577271461486816e+00
-6.390975117683410645e-01
-6.719617843627929688e-01
-3.986770510673522949e-01
3.936015963554382324e-01
-1.519291520118713379e+00
4.392364025115966797e-01
2.237019538879394531e-01
-4.789149388670921326e-02
-1.317287445068359375e+00
-1.144537806510925293e+00
-8.999049067497253418e-01
4.628112912178039551e-02
4.816682934761047363e-01
1.902280926704406738e+00
-9.558836817741394043e-01
-8.460481762886047363e-01
5.272715687751770020e-01
-8.076137900352478027e-01
-3.445889949798583984e-01
-1.948817521333694458e-01
7.736525535583496094e-01
-2.464929372072219849e-01
-4.714007675647735596e-01
-2.521149516105651855e-01
-1.283999234437942505e-01
2.959047257900238037e-01
9.726909399032592773e-01
-4.196763336658477783e-01
-5.919202566146850586e-01
-9.299193322658538818e-02
-5.763714313507080078e-01
-4.678074419498443604e-01
-1.238419532775878906e+00
1.129369810223579407e-01
-9.382627606391906738e-01
-2.061392366886138916e-01
-5.567640662193298340e-01
-6.517265439033508301e-01
-9.067683219909667969e-01
1.094857096672058105e+00
-1.449456095695495605e+00
2.354061752557754517e-01
3.030228614807128906e-01
6.953863501548767090e-01
-2.985426187515258789e-01
-6.526190638542175293e-01
-6.719836592674255371e-01
-2.128262966871261597e-01
8.986411243677139282e-02
-1.483317136764526367e+00
8.166286349296569824e-02
-1.643344879150390625e+00
-9.260358810424804688e-01
-1.044200539588928223e+00
1.255750775337219238e+00
5.601777508854866028e-02
-1.249043464660644531e+00
-3.071923851966857910e-01
5.735471844673156738e-01
3.767803609371185303e-01
1.020132824778556824e-01
-7.784785032272338867e-01
-9.292327761650085449e-01
-1.579673737287521362e-01
-5.715302824974060059e-01
2.962862849235534668e-01
5.871818065643310547e-01
3.542497158050537109e-01
-1.011636480689048767e-01
4.534463584423065186e-01
-1.280499815940856934e+00
7.126680016517639160e-01
1.130398392677307129e+00
-1.676482677459716797e+00
-3.130048513412475586e-01
-1.014095187187194824e+00
5.618778467178344727e-01
3.003391623497009277e-01
-5.526771545410156250e-01
-4.128601253032684326e-01
-1.145508646965026855e+00
4.216982722282409668e-01
4.679122865200042725e-01
-1.037455320358276367e+00
5.797244906425476074e-01
9.754935652017593384e-02
-2.680891156196594238e-01
-1.131418704986572266e+00
5.622971057891845703e-01
-8.079528212547302246e-01
9.778599739074707031e-01
-1.139908432960510254e+00
1.487666726112365723e+00
-1.855176091194152832e-01
9.937782883644104004e-01
2.377068251371383667e-01
-1.073127031326293945e+00
-5.206701159477233887e-01
-1.336984783411026001e-01
-2.762185931205749512e-01
-1.567298173904418945e+00
2.008802741765975952e-01
-1.170076966285705566e+00
-4.916575551033020020e-01
2.236196547746658325e-01
-1.223150491714477539e-01
3.792418539524078369e-01
8.733800798654556274e-02
5.354315042495727539e-02
-1.124761819839477539e+00
5.404256582260131836e-01
-5.045084282755851746e-02
1.851072907447814941e-01
-1.978159099817276001e-01
-1.262286957353353500e-02
-8.829929232597351074e-01
-2.197376489639282227e-01
-4.054681956768035889e-01
1.085816472768783569e-01
-1.039861917495727539e+00
-5.133302807807922363e-01
-1.595885992050170898e+00
-4.475032389163970947e-01
-1.059608340263366699e+00
1.331756949424743652e+00
-4.217433333396911621e-01
-1.111580371856689453e+00
-9.520524144172668457e-01
-7.696894407272338867e-01
