-6.652527809143066406e+00
-5.595601081848144531e+00
-1.142536401748657227e+00
7.868798375129699707e-01
1.031110763549804688e+00
3.721572458744049072e-01
3.327927827835083008e+00
1.977340340614318848e+00
-7.201165676116943359e+00
2.902749776840209961e+00
1.725027441978454590e+00
1.469526529312133789e+00
-7.036280035972595215e-01
4.700982570648193359e+00
3.398215293884277344e+00
-6.080609798431396484e+00
-2.944797277450561523e+00
2.183164834976196289e+00
5.969287395477294922e+00
3.625906467437744141e+00
2.992843866348266602e+00
-2.189080238342285156e+00
-7.960043907165527344e+00
1.157622456550598145e+00
-4.608288705348968506e-01
4.796696186065673828e+00
4.671447753906250000e+00
1.467272996902465820e+00
-2.286414384841918945e+00
-2.091820955276489258e+00
5.786574482917785645e-01
8.954772949218750000e-01
3.640151977539062500e+00
-1.724350571632385254e+00
4.227121829986572266e+00
1.125572776794433594e+01
8.234940528869628906e+00
6.875545501708984375e+00
5.933382987976074219e+00
-4.388130187988281250e+00
-6.964393615722656250e+00
2.978113174438476562e+00
6.420252323150634766e+00
-6.063745021820068359e+00
3.118369817733764648e+00
2.652460813522338867e+00
3.751451015472412109e+00
3.553159952163696289e+00
5.620913505554199219e+00
3.204207181930541992e+00
-2.953397989273071289e+00
-9.760512351989746094e+00
2.979830741882324219e+00
7.984468936920166016e+00
-8.791625022888183594e+00
3.828764200210571289e+00
2.601745367050170898e+00
5.296435832977294922e+00
-4.369169235229492188e+00
5.123094081878662109e+00
2.862907409667968750e+00
-3.817351102828979492e+00
4.712477684020996094e+00
-4.607015609741210938e+00
-5.296801090240478516e+00
7.401179313659667969e+00
4.436363220214843750e+00
4.856438636779785156e+00
2.863311290740966797e+00
-4.756845533847808838e-01
-4.210203170776367188e+00
-5.567243099212646484e+00
6.726614952087402344e+00
5.313377380371093750e+00
-5.920619487762451172e+00
1.837385416030883789e+00
-2.945355772972106934e-01
-5.323353767395019531e+00
2.330255985260009766e+00
-1.766497254371643066e+00
4.216178417205810547e+00
6.218823432922363281e+00
2.449880838394165039e+00
1.834161639213562012e+00
-9.594771862030029297e-01
6.398965358734130859e+00
5.894624233245849609e+00
4.296953678131103516e+00
-6.991470813751220703e+00
1.510172963142395020e+00
-4.320581436157226562e+00
6.435131072998046875e+00
-3.458817720413208008e+00
2.134408712387084961e+00
6.988800048828125000e+00
-3.016416072845458984e+00
-4.781736850738525391e+00
-6.501725673675537109e+00
-1.826690673828125000e+00
5.291930198669433594e+00
-8.321778774261474609e-01
3.841504335403442383e+00
-4.521871566772460938e+00
-6.030217647552490234e+00
1.001991868019104004e+00
-4.007172107696533203e+00
2.010441064834594727e+00
3.532372474670410156e+00
-3.780457258224487305e+00
-5.732894420623779297e+00
-3.348072290420532227e+00
5.407290935516357422e+00
2.138655185699462891e+00
4.585123538970947266e+00
2.779650211334228516e+00
1.009419918060302734e+00
5.723481655120849609e+00
4.669839382171630859e+00
-2.444084882736206055e+00
3.114757299423217773e+00
1.849736332893371582e+00
4.649688243865966797e+00
2.882901668548583984e+00
-1.210158228874206543e+00
5.725464820861816406e+00
7.694938182830810547e-01
9.174264073371887207e-01
-3.354958534240722656e+00
-2.802725791931152344e+00
3.992994785308837891e+00
4.974673271179199219e+00
5.500821590423583984e+00
-3.088937282562255859e+00
-1.306037783622741699e+00
-3.215977191925048828e+00
-4.068192958831787109e+00
-3.482925653457641602e+00
2.413346290588378906e+00
1.915672659873962402e+00
7.696631908416748047e+00
4.219891548156738281e+00
-4.818708896636962891e+00
-5.208154678344726562e+00
2.475421667098999023e+00
-3.871381282806396484e+00
-2.566802024841308594e+00
4.218048572540283203e+00
-4.078071117401123047e+00
-1.734585165977478027e+00
4.703949928283691406e+00
-8.729505538940429688e-01
-5.966218471527099609e+00
3.728787899017333984e+00
1.434397935867309570e+00
-2.750262260437011719e+00
7.368206977844238281e-01
4.435619354248046875e+00
6.340435028076171875e+00
-4.656698703765869141e+00
5.993505477905273438e+00
1.879027247428894043e+00
2.085326910018920898e+00
5.186113834381103516e+00
5.927748680114746094e+00
2.719933509826660156e+00
1.312474608421325684e+00
4.269573211669921875e+00
9.881723403930664062e+00
-7.464975833892822266e+00
-4.764658510684967041e-01
-4.028884410858154297e+00
4.739875793457031250e+00
4.025548100471496582e-01
-5.645840167999267578e+00
-4.601314067840576172e+00
3.531948089599609375e+00
-6.866639137268066406e+00
-6.528172016143798828e+00
-3.290357589721679688e+00
-4.507414817810058594e+00
4.671157002449035645e-01
-3.507146120071411133e+00
1.572874903678894043e+00
-5.606939792633056641e+00
3.569284915924072266e+00
1.224440932273864746e+00
-3.606833219528198242e+00
1.925401329994201660e+00
-9.174069762229919434e-01
-1.201919674873352051e+00
5.800932884216308594e+00
2.562041997909545898e+00
-2.599972724914550781e+00
-3.844180822372436523e+00
3.435937166213989258e+00
3.445366382598876953e+00
4.286252498626708984e+00
-4.796477794647216797e+00
2.363727569580078125e+00
2.328361988067626953e+00
6.670217990875244141e+00
2.495410919189453125e+00
-4.262376308441162109e+00
-5.387392520904541016e+00
-5.062444210052490234e+00
4.606633186340332031e+00
-1.093500614166259766e+01
-1.916011095046997070e+00
4.219648361206054688e+00
-6.844749450683593750e+00
1.003482222557067871e+00
-3.388495445251464844e+00
2.684768915176391602e+00
-6.014742374420166016e+00
5.472105979919433594e+00
9.650658965110778809e-01
-2.552582025527954102e+00
-4.024789333343505859e+00
2.217029571533203125e+00
2.270310878753662109e+00
3.088434457778930664e+00
-5.046347141265869141e+00
7.755289077758789062e-01
2.921040534973144531e+00
1.705751657485961914e+00
3.920975446701049805e+00
-3.211859464645385742e+00
-5.851690292358398438e+00
5.384015440940856934e-01
1.516235351562500000e+00
1.715982675552368164e+00
1.358458757400512695e+00
-2.664021015167236328e+00
-2.733793973922729492e+00
3.972363471984863281e+00
7.156807422637939453e+00
-4.312018871307373047e+00
4.501078128814697266e+00
4.000329017639160156e+00
-4.143812656402587891e+00
4.944525241851806641e+00
1.768863081932067871e+00
3.760640621185302734e+00
6.755882263183593750e+00
-5.142595767974853516e+00
3.681111574172973633e+00
-3.305343151092529297e+00
-1.482763528823852539e+00
-6.656092166900634766e+00
-5.528042316436767578e+00
6.488927841186523438e+00
6.193593978881835938e+00
3.433595895767211914e+00
1.602825760841369629e+00
1.475989103317260742e+00
1.330382227897644043e+00
2.599146366119384766e+00
3.701506137847900391e+00
3.436261653900146484e+00
6.697531938552856445e-01
-4.168974876403808594e+00
4.735507488250732422e+00
5.162868499755859375e+00
1.458283066749572754e-01
3.220693349838256836e+00
4.004730701446533203e+00
-2.859682321548461914e+00
1.062422037124633789e+00
-5.079186439514160156e+00
-4.873394012451171875e+00
3.425904750823974609e+00
2.506098508834838867e+00
-5.920606479048728943e-02
3.871846437454223633e+00
2.689302206039428711e+00
-4.933160781860351562e+00
3.009518146514892578e+00
4.744728565216064453e+00
8.778665065765380859e-01
-6.628325939178466797e+00
4.463278293609619141e+00
-3.928017616271972656e+00
-3.910183310508728027e-01
4.633911609649658203e+00
2.515769004821777344e+00
-1.250118613243103027e+00
-4.104610919952392578e+00
4.443509578704833984e+00
1.331988930702209473e+00
-4.401231765747070312e+00
-3.584191083908081055e+00
-3.554072141647338867e+00
1.755919694900512695e+00
-1.667500495910644531e+00
4.647676467895507812e+00
-1.816828489303588867e+00
4.035030841827392578e+00
1.074260592460632324e+00
6.155240058898925781e+00
1.962933778762817383e+00
5.976702213287353516e+00
2.242722511291503906e-01
3.790275335311889648e+00
-3.600052118301391602e+00
5.399968624114990234e+00
7.582750320434570312e+00
-6.005061149597167969e+00
3.236426115036010742e+00
-1.207295608520507812e+01
-1.495800852775573730e+00
3.624836206436157227e+00
4.734721183776855469e+00
6.544704437255859375e-01
1.751759767532348633e+00
-5.598445892333984375e+00
-2.812481641769409180e+00
3.144562959671020508e+00
5.950897216796875000e+00
-4.164595603942871094e+00
-3.645150899887084961e+00
2.270091772079467773e+00
-4.735383987426757812e+00
1.859581232070922852e+00
-3.512717485427856445e+00
2.702376842498779297e+00
2.263246536254882812e+00
-4.454019069671630859e+00
5.075274467468261719e+00
-3.534412384033203125e+00
-5.509886264801025391e+00
5.182832241058349609e+00
-3.860485076904296875e+00
-2.272758245468139648e+00
6.642735481262207031e+00
1.286633491516113281e+00
4.641715526580810547e+00
-6.327049255371093750e+00
-4.262731552124023438e+00
4.589871406555175781e+00
2.955772876739501953e+00
-5.606680393218994141e+00
2.853391408920288086e+00
8.574913978576660156e+00
4.680382728576660156e+00
-2.112936258316040039e+00
3.529907226562500000e+00
3.599367856979370117e+00
4.940323352813720703e+00
-3.593355894088745117e+00
1.217865347862243652e-01
-9.826874732971191406e+00
-4.255376338958740234e+00
3.313836812973022461e+00
3.003901004791259766e+00
2.196424245834350586e+00
2.447010517120361328e+00
-1.025774836540222168e+00
4.889927864074707031e+00
-1.179956054687500000e+01
-1.412182092666625977e+00
4.156142711639404297e+00
-3.379942893981933594e+00
1.898977160453796387e+00
4.351777553558349609e+00
-6.126361370086669922e+00
1.254924535751342773e+00
2.024564027786254883e+00
7.396813392639160156e+00
5.080723762512207031e+00
5.409868717193603516e+00
3.091676950454711914e+00
5.667721271514892578e+00
-4.163827419281005859e+00
-2.539538621902465820e+00
7.906688690185546875e+00
-2.156649827957153320e+00
2.855441808700561523e+00
7.197681427001953125e+00
-2.939409971237182617e+00
-3.323732852935791016e+00
1.039247703552246094e+01
-5.864335060119628906e+00
3.721975564956665039e+00
1.822643280029296875e+00
-1.374698400497436523e+00
8.635951042175292969e+00
-6.258684635162353516e+00
4.652038574218750000e+00
8.336763828992843628e-02
6.078935623168945312e+00
5.135698795318603516e+00
-7.884524822235107422e+00
3.074158906936645508e+00
7.081132411956787109e+00
-2.318905591964721680e+00
-3.389101266860961914e+00
-5.413926124572753906e+00
3.457617461681365967e-01
4.268919467926025391e+00
-4.913607597351074219e+00
7.539723515510559082e-01
-5.007592201232910156e+00
4.806599140167236328e+00
-2.496526241302490234e+00
-2.163606882095336914e+00
6.390925407409667969e+00
7.047569274902343750e+00
-8.664332389831542969e+00
5.030980110168457031e+00
3.581640243530273438e+00
1.651193857192993164e+00
-3.406001567840576172e+00
1.002422332763671875e+00
5.032290935516357422e+00
-3.364838838577270508e+00
2.092224597930908203e+00
2.806561231613159180e+00
-5.670217990875244141e+00
9.205634117126464844e+00
-2.529785871505737305e+00
1.600450873374938965e+00
4.505382061004638672e+00
2.559824287891387939e-01
3.395910024642944336e+00
-3.464979648590087891e+00
-2.347719192504882812e+00
-5.040929794311523438e+00
-2.749615907669067383e+00
3.008079051971435547e+00
4.663199901580810547e+00
6.218667984008789062e+00
-2.888803720474243164e+00
-2.633247375488281250e+00
-2.524585962295532227e+00
2.424629688262939453e+00
3.793902873992919922e+00
-1.620479702949523926e+00
3.964228153228759766e+00
1.107998490333557129e+00
-8.031781196594238281e+00
-4.244908332824707031e+00
2.865017414093017578e+00
4.280602931976318359e+00
-7.507347583770751953e+00
-1.863439559936523438e+00
-4.853850841522216797e+00
2.608787536621093750e+00
-3.707945346832275391e+00
6.564417362213134766e+00
-2.177253723144531250e+00
-6.977134704589843750e+00
-9.208400845527648926e-01
-4.175738811492919922e+00
5.056996345520019531e-01
-7.625848770141601562e+00
-3.896468162536621094e+00
-3.138971805572509766e+00
-3.794417142868041992e+00
-6.587917804718017578e+00
2.609268903732299805e+00
-3.574355602264404297e+00
5.782334804534912109e+00
-1.101597905158996582e+00
3.971117734909057617e+00
-2.628507137298583984e+00
-5.050287246704101562e+00
-4.490726470947265625e+00
-5.924170494079589844e+00
6.573177814483642578e+00
4.436080455780029297e+00
4.340233802795410156e+00
-4.491181075572967529e-01
2.165086030960083008e+00
-4.072155952453613281e+00
3.104647159576416016e+00
-3.370114803314208984e+00
3.340670824050903320e+00
2.899345159530639648e+00
4.468509197235107422e+00
-3.685244083404541016e+00
2.934148788452148438e+00
1.028825044631958008e+00
-3.143541336059570312e+00
2.799133300781250000e+00
2.200440645217895508e+00
4.139135837554931641e+00
4.458802223205566406e+00
4.159860134124755859e+00
1.155911922454833984e+00
4.792808532714843750e+00
6.231980800628662109e+00
3.398713111877441406e+00
-4.381963729858398438e+00
6.075275897979736328e+00
-4.116624355316162109e+00
-3.462810993194580078e+00
-2.242683410644531250e+00
3.283112049102783203e+00
-1.430331110954284668e+00
3.111904859542846680e+00
2.340191602706909180e+00
2.853921890258789062e+00
-5.021972179412841797e+00
-8.022940158843994141e-01
5.436895847320556641e+00
5.514932632446289062e+00
6.050329208374023438e+00
6.240653038024902344e+00
-1.367519974708557129e+00
6.733707904815673828e+00
1.183025360107421875e+00
-4.291371822357177734e+00
