-1.172994822263717651e-01
3.521334230899810791e-01
4.760678410530090332e-01
1.354037672281265259e-01
1.005521044135093689e-01
-9.161295294761657715e-01
-5.710636377334594727e-01
1.708584576845169067e-01
-6.648778915405273438e-01
-3.054180741310119629e-01
-7.311288118362426758e-01
-1.736369282007217407e-01
4.036871492862701416e-01
-1.027421236038208008e+00
-7.769928872585296631e-02
-5.823723673820495605e-01
2.933195531368255615e-01
2.556418627500534058e-02
-4.233250617980957031e-01
5.744104832410812378e-02
1.235804054886102676e-02
-6.391624212265014648e-01
-9.038839936256408691e-01
-6.291392445564270020e-01
1.489136517047882080e-01
-2.581510879099369049e-02
1.719687879085540771e-01
-1.978481113910675049e-01
1.341669112443923950e-01
-3.703168779611587524e-02
-5.690013170242309570e-01
-8.804689049720764160e-01
-7.090671062469482422e-01
9.598121792078018188e-02
-1.371056586503982544e-02
3.076812028884887695e-01
-4.300555884838104248e-01
-4.405039846897125244e-01
-3.432423993945121765e-02
-9.150711447000503540e-02
1.476653963327407837e-01
-7.110514044761657715e-01
-6.877870559692382812e-01
-2.682751119136810303e-01
-2.998926043510437012e-01
2.875474989414215088e-01
2.078165709972381592e-01
-5.811928510665893555e-01
-6.436766386032104492e-01
4.143565595149993896e-01
-3.603623509407043457e-01
-5.959299206733703613e-01
-2.578271031379699707e-01
-5.288996696472167969e-01
-2.672684192657470703e-01
2.466560155153274536e-01
1.705897599458694458e-02
-3.039170503616333008e-01
-1.360658463090658188e-02
-2.602282464504241943e-01
1.320203691720962524e-01
2.458337694406509399e-01
8.252775669097900391e-02
-3.023349046707153320e-01
-9.343260526657104492e-01
3.024624586105346680e-01
-4.349416196346282959e-01
3.668204694986343384e-02
1.378490179777145386e-01
7.630289345979690552e-02
-5.168092250823974609e-01
-5.665583014488220215e-01
2.513703405857086182e-01
-1.662733592092990875e-02
-5.997934341430664062e-01
-8.668038249015808105e-02
-1.220503076910972595e-01
-3.697183132171630859e-01
-9.353545308113098145e-01
-1.666115820407867432e-01
1.692644134163856506e-02
-1.370549649000167847e-01
-2.034436762332916260e-01
-6.646260619163513184e-01
-1.288627386093139648e-01
2.221143841743469238e-01
-3.348548710346221924e-01
5.322317034006118774e-02
3.724896609783172607e-01
-3.053237684071063995e-02
-1.550282835960388184e-01
4.907395541667938232e-01
-8.464644551277160645e-01
2.313027679920196533e-01
-4.243413805961608887e-01
2.177630960941314697e-01
1.014765934087336063e-03
2.015151828527450562e-01
1.786795407533645630e-01
-4.497500881552696228e-02
1.378431618213653564e-01
-4.585465192794799805e-01
1.395899653434753418e-01
1.725531518459320068e-01
-6.024294067174196243e-03
1.481276005506515503e-01
-3.611476123332977295e-01
1.123074293136596680e-01
-9.805449843406677246e-02
-1.641338765621185303e-01
-1.254624128341674805e-01
-2.951879501342773438e-01
-1.807272285223007202e-01
-1.902692466974258423e-01
-4.518862664699554443e-01
-3.857089281082153320e-01
-2.523553371429443359e-01
-5.925764441490173340e-01
2.272675633430480957e-01
3.965343832969665527e-01
-2.369808554649353027e-01
-5.002343654632568359e-01
-9.691886901855468750e-01
-2.538114190101623535e-01
4.974674805998802185e-02
-3.813624083995819092e-01
-1.361067444086074829e-01
-1.710457205772399902e-01
-2.445800900459289551e-01
-3.787574172019958496e-01
-5.664098858833312988e-01
4.319503605365753174e-01
-4.547025859355926514e-01
5.722475647926330566e-01
-2.661604881286621094e-01
-6.483574509620666504e-01
-3.028174638748168945e-01
-7.695941329002380371e-01
3.597950041294097900e-01
1.069567799568176270e-01
-1.932525783777236938e-01
4.301008954644203186e-02
1.583719849586486816e-01
-6.215029358863830566e-01
-1.950662583112716675e-01
-3.693307042121887207e-01
-2.958563864231109619e-01
-4.313167929649353027e-01
-1.057777777314186096e-01
1.045899093151092529e-02
-3.706944286823272705e-01
-1.645804047584533691e-01
-4.103716015815734863e-01
-4.835444986820220947e-01
1.758275479078292847e-01
1.740141063928604126e-01
-6.434122920036315918e-01
-1.015356898307800293e+00
-2.212863042950630188e-02
-4.956325981765985489e-03
4.494904074817895889e-03
-4.965991079807281494e-01
3.509125411510467529e-01
2.272383868694305420e-01
-5.558057501912117004e-02
-1.654402762651443481e-01
-4.045723378658294678e-02
-3.775538504123687744e-01
-1.352025419473648071e-01
-6.180834174156188965e-01
-2.265519052743911743e-01
-2.885606884956359863e-01
2.002204060554504395e-01
-4.349993467330932617e-01
-2.874896228313446045e-01
-1.123692989349365234e-01
-5.849518775939941406e-01
3.060622513294219971e-02
-7.546713948249816895e-02
-9.328551292419433594e-01
3.141264989972114563e-02
-7.880874723196029663e-02
3.317891061305999756e-01
-5.808413624763488770e-01
-4.984274134039878845e-02
-3.629606217145919800e-02
-8.215237259864807129e-01
-5.882520079612731934e-01
-5.028134956955909729e-02
-7.501133531332015991e-02
-5.307659506797790527e-01
8.969554901123046875e-01
-1.207343563437461853e-01
-2.019750624895095825e-01
3.744624853134155273e-01
3.273422271013259888e-02
-2.300676703453063965e-01
-4.958077371120452881e-01
1.730151325464248657e-01
1.435669809579849243e-01
5.288625136017799377e-02
-6.409970521926879883e-01
-2.695832848548889160e-01
-4.595887660980224609e-02
-4.193057417869567871e-01
-2.898709774017333984e-01
-8.170716464519500732e-02
-1.454440057277679443e-01
3.191869705915451050e-02
1.733522713184356689e-01
-4.979018270969390869e-01
-2.263174802064895630e-01
-3.431330025196075439e-01
-4.004738330841064453e-01
1.639403402805328369e-01
2.291587591171264648e-01
-1.069840937852859497e-01
-1.050644397735595703e+00
-9.460131824016571045e-02
-7.603312283754348755e-02
-8.514847159385681152e-01
2.530409693717956543e-01
-1.541683077812194824e-01
1.125292330980300903e-01
-1.392141431570053101e-01
-9.677907824516296387e-01
-3.544233441352844238e-01
-7.139340639114379883e-01
1.298233419656753540e-01
1.474662572145462036e-01
6.282529234886169434e-02
1.613113880157470703e-01
2.201248146593570709e-02
-1.766492873430252075e-01
-1.270368993282318115e-01
-5.518746972084045410e-01
1.236339733004570007e-01
-3.539658188819885254e-01
-2.938998639583587646e-01
2.176286131143569946e-01
-6.287990212440490723e-01
-2.525700032711029053e-01
4.695051312446594238e-01
-3.456034660339355469e-01
-4.414323568344116211e-01
-5.930805802345275879e-01
3.255141898989677429e-02
5.106677860021591187e-02
3.190543353557586670e-01
-4.706996977329254150e-01
-7.189058661460876465e-01
-3.019121587276458740e-01
-5.540978908538818359e-01
-2.580308020114898682e-01
-2.007988840341567993e-01
-8.406417816877365112e-02
-1.535700112581253052e-01
-2.427660226821899414e-01
-9.479650855064392090e-02
-4.698720276355743408e-01
-1.399959772825241089e-01
4.553141891956329346e-01
6.088864803314208984e-02
-3.015101552009582520e-01
-4.008081853389739990e-01
-3.794955909252166748e-01
-3.391075134277343750e-01
3.546656370162963867e-01
-1.580914855003356934e-01
-3.529336750507354736e-01
-1.078285053372383118e-01
-8.792698383331298828e-02
-5.763065442442893982e-02
-3.610970973968505859e-01
1.060176268219947815e-01
-4.075518250465393066e-01
-2.195131927728652954e-01
2.826091051101684570e-01
1.218771860003471375e-01
-2.022720724344253540e-01
-7.092866301536560059e-01
1.259206831455230713e-01
-1.092684507369995117e+00
-3.323287963867187500e-01
5.590216517448425293e-01
-6.841310858726501465e-01
-8.974663913249969482e-02
3.771983385086059570e-01
-5.740845575928688049e-02
7.794912904500961304e-02
4.144755899906158447e-01
4.001242518424987793e-01
-4.014220833778381348e-01
3.495764732360839844e-01
-2.449238896369934082e-01
-2.582256793975830078e-01
-5.401039719581604004e-01
-6.345173716545104980e-01
-4.591106772422790527e-01
-5.438984036445617676e-01
-1.113816350698471069e-02
1.983590573072433472e-01
1.734090149402618408e-01
-2.981185615062713623e-01
-4.523878097534179688e-01
-3.763267099857330322e-01
5.325878262519836426e-01
-3.424662053585052490e-01
-7.578142881393432617e-01
5.486388206481933594e-01
-2.658957540988922119e-01
-9.483404457569122314e-03
2.676886022090911865e-01
1.351775825023651123e-01
-7.760103046894073486e-02
3.448923230171203613e-01
-1.976941823959350586e-01
-2.621746659278869629e-01
-1.580410823225975037e-02
-6.365213394165039062e-01
-1.865123659372329712e-01
-5.926304683089256287e-02
1.260732710361480713e-01
-1.269581764936447144e-01
-4.921851754188537598e-01
-1.630895733833312988e-01
-1.200483366847038269e-01
-3.381733596324920654e-02
-3.154456615447998047e-02
4.857576191425323486e-01
-4.342735409736633301e-01
1.004436239600181580e-02
-1.257653534412384033e-01
-2.244846671819686890e-01
-4.910432696342468262e-01
-3.385948836803436279e-01
-1.935192048549652100e-01
1.705632060766220093e-01
7.263589650392532349e-03
2.565643191337585449e-01
2.576443850994110107e-01
-2.084871381521224976e-01
1.919798739254474640e-02
-9.598276019096374512e-02
1.415897719562053680e-02
-5.798423886299133301e-01
-1.136608794331550598e-01
-1.405449211597442627e-01
-3.274976313114166260e-01
-4.833168387413024902e-01
2.778179049491882324e-01
-3.190086781978607178e-01
-3.089114725589752197e-01
-7.196634262800216675e-02
-3.606694340705871582e-01
1.383923646062612534e-02
-9.142086654901504517e-02
-3.633354902267456055e-01
-6.329138278961181641e-01
1.768191009759902954e-01
3.468263447284698486e-01
3.802691400051116943e-01
4.625326767563819885e-02
-1.363853961229324341e-01
2.264047712087631226e-01
-5.744881033897399902e-01
-6.858913898468017578e-01
1.751204431056976318e-01
-4.717361927032470703e-01
-5.014078617095947266e-01
-1.086024567484855652e-01
-3.453173041343688965e-01
-4.805129170417785645e-01
-1.175676658749580383e-01
2.355113774538040161e-01
-2.519548535346984863e-01
1.761136054992675781e-01
1.001088023185729980e-01
-2.323520183563232422e-01
-3.063969612121582031e-01
-3.562842309474945068e-01
-5.847141742706298828e-01
-2.347386926412582397e-01
-1.264397054910659790e-01
2.719245553016662598e-01
-3.478111028671264648e-01
-9.846448898315429688e-02
-5.503559708595275879e-01
7.125996053218841553e-02
-1.496633589267730713e-01
4.535167664289474487e-02
-2.267193049192428589e-01
2.628966569900512695e-01
-1.274284571409225464e-01
8.343115448951721191e-02
4.180449843406677246e-01
-1.262813508510589600e-01
5.789172649383544922e-02
2.863301336765289307e-01
-4.400056302547454834e-01
-1.195493116974830627e-01
-3.619410395622253418e-01
-1.869485080242156982e-01
-6.270565837621688843e-02
-1.039167940616607666e-01
-1.921629905700683594e-01
-5.742121860384941101e-02
2.667686045169830322e-01
-3.456054031848907471e-01
4.047680497169494629e-01
-5.866359174251556396e-02
-2.641625702381134033e-01
-5.774812698364257812e-01
-2.311340123414993286e-01
-1.488664746284484863e-01
-3.491365611553192139e-01
-5.882584452629089355e-01
-5.733762979507446289e-01
-2.317095249891281128e-01
-9.378319382667541504e-01
-3.998382687568664551e-01
-6.811100244522094727e-02
1.178785562515258789e-01
-3.496600687503814697e-01
1.719945967197418213e-01
1.422865837812423706e-01
-1.778342723846435547e-01
-4.973760843276977539e-01
-1.843855530023574829e-01
-1.050334215164184570e+00
-3.214370608329772949e-01
5.300086736679077148e-01
4.968787133693695068e-01
-3.731168806552886963e-01
-4.369853138923645020e-01
-1.521728038787841797e-01
1.558616757392883301e-01
3.939975500106811523e-01
-6.187785863876342773e-01
-4.196101427078247070e-02
2.199194431304931641e-01
1.735710054636001587e-01
-8.178886175155639648e-01
-1.394941508769989014e-01
3.150721639394760132e-02
-2.530548274517059326e-01
-3.776429295539855957e-01
-3.973742723464965820e-01
-8.167107701301574707e-01
1.925444044172763824e-02
-7.429980039596557617e-01
-1.230045314878225327e-02
-5.775920748710632324e-01
-2.084011733531951904e-01
3.067677915096282959e-01
-1.387220621109008789e-01
-1.908355504274368286e-01
4.804121851921081543e-01
-6.171081662178039551e-01
-6.516174077987670898e-01
4.575414359569549561e-01
-3.795679286122322083e-02
-3.428363800048828125e-01
-1.047541126608848572e-01
-2.168527096509933472e-01
-4.344884753227233887e-01
-1.185625419020652771e-01
1.091939136385917664e-01
1.816071867942810059e-01
3.544117510318756104e-01
-4.057862795889377594e-03
-1.276019334793090820e+00
-2.924964018166065216e-02
3.281419277191162109e-01
2.789298072457313538e-03
2.936616539955139160e-01
-2.336420416831970215e-01
-1.387201249599456787e-01
-8.342476934194564819e-02
6.585790216922760010e-02
-4.705938994884490967e-01
-9.615757465362548828e-01
-1.626193150877952576e-02
-5.034201592206954956e-02
1.507488191127777100e-01
-3.210726976394653320e-01
-2.692517638206481934e-01
6.245906949043273926e-01
6.968462467193603516e-01
7.879701256752014160e-01
-3.578293696045875549e-02
3.540736436843872070e-01
-3.505234718322753906e-01
1.327107846736907959e-01
-1.919130384922027588e-01
-2.746469080448150635e-01
2.046272009611129761e-01
2.689531743526458740e-01
-1.094349384307861328e+00
1.583416014909744263e-01
6.674818578176200390e-04
1.573233157396316528e-01
-2.820839583873748779e-01
8.595374226570129395e-02
-5.706167817115783691e-01
2.297267913818359375e-01
-1.102216541767120361e-01
-5.221298336982727051e-01
4.592901840806007385e-02
-4.586708247661590576e-01
-5.407496690750122070e-01
-3.873369097709655762e-01
-2.956703118979930878e-02
2.053674906492233276e-01
-7.862232923507690430e-01
-1.837586313486099243e-01
-9.854925274848937988e-01
-1.277701705694198608e-01
6.673867106437683105e-01
-1.172618716955184937e-01
-6.918034553527832031e-01
-6.886401176452636719e-01
-2.607583105564117432e-01
-6.378053426742553711e-01
5.009545758366584778e-02
2.464922666549682617e-01
-5.334531068801879883e-01
2.204257547855377197e-01
-1.825630068778991699e-01
-2.358358800411224365e-01
9.570440649986267090e-02
1.968525648117065430e-01
-4.094963073730468750e-01
9.673711657524108887e-02
-1.016459334641695023e-02
-4.097710251808166504e-01
3.762940764427185059e-01
-3.108932971954345703e-01
3.601898625493049622e-02
-2.250517159700393677e-01
1.015767455101013184e-03
7.284242659807205200e-02
-3.207169100642204285e-02
-3.346452713012695312e-01
3.381540998816490173e-02
-1.276939809322357178e-01
-1.490544825792312622e-01
7.388635724782943726e-02
-2.903610765933990479e-01
-5.298179388046264648e-01
-4.665223062038421631e-01
-4.981034249067306519e-02
-4.352135658264160156e-01
-1.100649163126945496e-01
-1.026893705129623413e-01
-6.141352653503417969e-01
-3.055798709392547607e-01
2.605011165142059326e-01
-8.031573295593261719e-01
8.398015797138214111e-02
6.409854441881179810e-02
-5.885096192359924316e-01
-6.462087035179138184e-01
-2.086727023124694824e-01
2.517025470733642578e-01
2.932032942771911621e-01
8.762975037097930908e-02
-4.735752344131469727e-01
-1.036864444613456726e-01
-3.878522515296936035e-01
4.488666653633117676e-01
7.218977063894271851e-02
-1.743642389774322510e-01
1.709764748811721802e-01
-1.207488417625427246e+00
-5.836547613143920898e-01
-7.375844120979309082e-01
7.474892586469650269e-02
1.713632196187973022e-01
-1.975210160017013550e-01
-2.360920161008834839e-01
-1.051446720957756042e-01
6.369404494762420654e-02
3.139393627643585205e-01
-8.225548267364501953e-01
-7.456414103507995605e-01
-1.790829002857208252e-01
-2.459719926118850708e-01
-5.425261855125427246e-01
-1.143017530441284180e+00
-1.397938933223485947e-02
-4.352910518646240234e-01
-6.310353875160217285e-01
-3.758540749549865723e-01
-2.172030508518218994e-01
-3.607861399650573730e-01
-5.019921660423278809e-01
-6.904222369194030762e-01
-4.651155769824981689e-01
-6.285568475723266602e-01
6.376959383487701416e-02
-3.715377151966094971e-01
-2.577750086784362793e-01
-2.307054698467254639e-01
-1.958388239145278931e-01
2.419487237930297852e-01
1.764183938503265381e-01
1.483276933431625366e-01
1.545830070972442627e-01
-6.246634572744369507e-02
3.663776814937591553e-01
-3.165027797222137451e-01
3.266179263591766357e-01
-5.964748263359069824e-01
-1.870758384466171265e-01
-2.530764341354370117e-01
-3.266021907329559326e-01
7.126285135746002197e-02
-5.209555849432945251e-02
-2.645711302757263184e-01
3.512546420097351074e-01
-3.616798222064971924e-01
-3.049703836441040039e-01
-4.936032891273498535e-01
-4.503996968269348145e-01
-4.506750404834747314e-01
-1.060933023691177368e-01
5.813171863555908203e-01
-3.938776627182960510e-02
-1.230545282363891602e+00
-2.865674197673797607e-01
3.034575879573822021e-01
1.632505804300308228e-01
5.330325290560722351e-02
-1.022287726402282715e+00
-5.021612644195556641e-01
-6.196723505854606628e-02
2.498546540737152100e-01
-1.182376667857170105e-01
5.481262132525444031e-02
-2.196101546287536621e-01
-5.984843969345092773e-01
3.738667666912078857e-01
-3.430897891521453857e-01
1.573943942785263062e-01
-1.153892092406749725e-02
-3.402496576309204102e-01
-5.552367568016052246e-01
-2.516379654407501221e-01
4.069708585739135742e-01
-2.383922785520553589e-02
-7.815692424774169922e-01
-4.924096167087554932e-01
-3.420732617378234863e-01
-2.266952097415924072e-01
3.471435308456420898e-01
1.229237094521522522e-01
2.159743458032608032e-01
3.076101541519165039e-01
-7.347432374954223633e-01
-4.177526533603668213e-01
-4.231284260749816895e-01
-9.034227132797241211e-01
-3.127459585666656494e-01
2.207074910402297974e-01
-5.000403523445129395e-01
3.502471446990966797e-01
-2.674808204174041748e-01
-6.621068120002746582e-01
7.547766901552677155e-03
-3.681230545043945312e-01
9.280595928430557251e-02
1.588953137397766113e-01
-6.517318487167358398e-01
-3.659157454967498779e-01
2.320515364408493042e-01
-4.730652868747711182e-01
-1.939394138753414154e-02
-2.418765872716903687e-01
5.763075947761535645e-01
-6.645886600017547607e-02
-4.302296787500381470e-02
-3.713234364986419678e-01
1.778761297464370728e-01
-2.061004787683486938e-01
-1.387578807771205902e-02
4.020234569907188416e-02
5.657590925693511963e-02
-1.054541990160942078e-01
2.858044803142547607e-01
1.961455047130584717e-01
-3.475046157836914062e-01
5.035021901130676270e-01
2.186916023492813110e-01
-1.478181779384613037e-01
1.355297863483428955e-01
2.964634895324707031e-01
2.894974946975708008e-01
-3.285284340381622314e-01
-1.942094266414642334e-01
3.923605009913444519e-02
-5.153480172157287598e-01
-4.453859925270080566e-01
3.785889595746994019e-02
-1.554520428180694580e-01
1.289754211902618408e-01
-1.804049015045166016e-01
-4.600660502910614014e-01
-7.504475116729736328e-01
-1.002532601356506348e+00
-9.419324994087219238e-02
1.565536558628082275e-01
9.091836959123611450e-02
-1.284069269895553589e-01
-9.399489760398864746e-01
-1.788952052593231201e-01
5.968654155731201172e-01
-2.213765084743499756e-01
-3.580495119094848633e-01
-9.348477721214294434e-01
-1.780726760625839233e-01
-1.395320445299148560e-01
1.712206937372684479e-02
-1.746532022953033447e-01
-6.553046107292175293e-01
1.930799186229705811e-01
-6.383078694343566895e-01
-6.417973637580871582e-01
-3.604242205619812012e-01
-2.391586303710937500e-01
-9.782501459121704102e-01
2.306302785873413086e-01
-6.115453243255615234e-01
2.820909917354583740e-01
4.115994870662689209e-01
-4.619911611080169678e-01
4.770334064960479736e-01
-1.728315353393554688e-01
3.073267042636871338e-01
1.231266837567090988e-02
-1.761201173067092896e-01
3.349965214729309082e-01
-4.822152554988861084e-01
-4.970258474349975586e-01
6.873081326484680176e-01
-3.357589244842529297e-01
-3.692852854728698730e-01
-1.404112428426742554e-01
4.860262870788574219e-01
-5.313445925712585449e-01
-4.354613423347473145e-01
-1.929001510143280029e-01
-2.568936347961425781e-01
-7.372869849205017090e-01
-3.520210981369018555e-01
2.044288963079452515e-01
-2.924883067607879639e-01
2.097914665937423706e-01
5.307395458221435547e-01
-7.589343935251235962e-02
-1.173240095376968384e-01
-2.196327298879623413e-01
-1.074553355574607849e-01
-2.928262576460838318e-02
-2.704555094242095947e-01
-8.241189122200012207e-01
-6.464620232582092285e-01
-5.081387609243392944e-02
2.834049165248870850e-01
1.276021748781204224e-01
-5.676333904266357422e-01
-1.696539372205734253e-01
-4.061782360076904297e-01
-8.771579712629318237e-02
-2.485529184341430664e-01
-2.341049760580062866e-01
-5.056844949722290039e-01
-7.661058306694030762e-01
3.058232069015502930e-01
3.982237279415130615e-01
-6.333682686090469360e-04
-2.008962780237197876e-01
5.766141042113304138e-02
-4.405475258827209473e-01
-6.151209026575088501e-02
1.492666155099868774e-01
-1.347632259130477905e-01
1.088887080550193787e-01
3.476321697235107422e-01
1.887801736593246460e-01
3.944982886314392090e-01
-3.270508050918579102e-01
-1.117662906646728516e+00
-3.431300520896911621e-01
-5.707710981369018555e-01
-7.407881617546081543e-01
3.106549680233001709e-01
-4.038500189781188965e-01
-4.535390138626098633e-01
7.862404733896255493e-02
3.170253932476043701e-01
-1.602093875408172607e-01
5.913366675376892090e-01
2.789805829524993896e-01
2.091089338064193726e-01
-4.485647678375244141e-01
-6.562764197587966919e-02
-2.622878849506378174e-01
-7.083649635314941406e-01
-3.038618564605712891e-01
3.102226555347442627e-01
2.540480196475982666e-01
1.901370882987976074e-01
-1.425860673189163208e-01
-1.316465377807617188e+00
-3.889869153499603271e-01
3.156225979328155518e-01
-7.331310957670211792e-02
-2.395014278590679169e-02
-4.860136508941650391e-01
8.029511198401451111e-03
-3.802988827228546143e-01
-5.342407822608947754e-01
-4.014706015586853027e-01
-1.291820406913757324e-01
1.144699454307556152e-01
1.539635062217712402e-01
5.640969872474670410e-01
-2.912401556968688965e-01
-9.429220557212829590e-01
1.101781353354454041e-01
1.433790624141693115e-01
2.966486513614654541e-01
7.165122777223587036e-02
-2.352886348962783813e-01
-1.759156137704849243e-01
1.441925913095474243e-01
-5.483180880546569824e-01
-1.851447522640228271e-01
-4.062207937240600586e-01
-3.620874583721160889e-01
-6.227828264236450195e-01
-7.690267264842987061e-02
2.806128002703189850e-02
2.957468628883361816e-01
-6.210246682167053223e-01
-1.258442282676696777e+00
1.277164220809936523e-01
-2.365703582763671875e-01
-1.397660374641418457e-01
-8.674176037311553955e-02
-1.483772601932287216e-02
4.596153274178504944e-02
2.289604395627975464e-01
-6.291466951370239258e-01
-3.307783603668212891e-01
-2.284583747386932373e-01
9.555421024560928345e-02
1.841453909873962402e-01
-2.022812813520431519e-01
-2.599792480468750000e-01
-3.458170592784881592e-01
-1.606277078390121460e-01
2.712970040738582611e-02
-2.292899340391159058e-01
-2.271096557378768921e-01
-1.733678132295608521e-01
-4.083513841032981873e-02
-5.139564275741577148e-01
8.977445960044860840e-02
-1.105340663343667984e-02
-6.170108318328857422e-01
-3.812376260757446289e-01
-5.349393486976623535e-01
4.195048287510871887e-02
-2.823120057582855225e-01
5.460115075111389160e-01
-9.082086384296417236e-02
-3.323027193546295166e-01
1.145872846245765686e-01
-1.749914735555648804e-01
-2.186259031295776367e-01
-3.880026936531066895e-01
-1.373911947011947632e-01
-1.334109008312225342e-01
-4.366076737642288208e-02
-5.291187763214111328e-01
6.135970950126647949e-01
5.676509439945220947e-02
-3.516545984894037247e-04
-5.093156099319458008e-01
-4.154841005802154541e-01
-7.401884794235229492e-01
-6.200788542628288269e-03
-1.004730015993118286e-01
-3.519333899021148682e-01
-8.859803080558776855e-01
-1.683290302753448486e-01
-5.374684929847717285e-01
-6.371792554855346680e-01
-3.762412369251251221e-01
-4.004131257534027100e-01
-8.509074896574020386e-02
-7.557152956724166870e-02
-5.383606627583503723e-02
-2.976284623146057129e-01
6.561583280563354492e-01
-8.129763603210449219e-01
-6.635792255401611328e-01
-5.950560420751571655e-02
-9.529206156730651855e-02
-2.093532681465148926e-01
-2.740220129489898682e-01
-5.863308440893888474e-03
-7.974030077457427979e-02
2.750267386436462402e-01
-1.320371329784393311e-01
2.119207531213760376e-01
-3.333091437816619873e-01
-3.482975363731384277e-01
-3.498142957687377930e-01
2.921796031296253204e-02
-9.246398806571960449e-01
2.194445952773094177e-02
-6.007029414176940918e-01
4.160451516509056091e-02
-1.762085109949111938e-01
2.880149986594915390e-03
-5.878186225891113281e-01
-5.723426342010498047e-01
6.075217723846435547e-01
-2.425628602504730225e-01
-1.454099714756011963e-01
-2.044994384050369263e-01
1.426135450601577759e-01
3.693066537380218506e-01
1.801702082157135010e-01
-2.786659598350524902e-01
2.812516093254089355e-01
1.107976064085960388e-01
4.105703532695770264e-01
7.469763755798339844e-01
8.834390342235565186e-02
5.172958374023437500e-01
-5.968366861343383789e-01
4.669813439249992371e-02
1.035022437572479248e-01
-3.067804574966430664e-01
-5.555915236473083496e-01
-2.115810066461563110e-01
5.030958652496337891e-01
3.242127895355224609e-01
4.083839654922485352e-01
-2.118524610996246338e-01
7.756011188030242920e-02
-3.608635663986206055e-01
-8.159914612770080566e-01
6.350913643836975098e-02
-6.343212723731994629e-01
-4.607968628406524658e-01
-4.497518241405487061e-01
-5.084823966026306152e-01
-2.716724276542663574e-01
-4.650455415248870850e-01
-1.262529492378234863e+00
-8.684409856796264648e-01
-8.836693763732910156e-01
6.103171408176422119e-02
-1.910111457109451294e-01
-6.983927916735410690e-03
1.393172889947891235e-01
-4.099130034446716309e-01
-5.245874524116516113e-01
-2.719856500625610352e-01
2.767381370067596436e-01
-2.426953762769699097e-01
-4.907318651676177979e-01
3.305540680885314941e-01
1.917586028575897217e-01
9.199007600545883179e-02
-5.201045870780944824e-01
-1.861732304096221924e-01
-4.394953250885009766e-01
-3.577940631657838821e-03
-6.218060851097106934e-01
-7.701956629753112793e-01
-2.916151285171508789e-01
-3.666448891162872314e-01
-4.409236609935760498e-01
1.010418459773063660e-01
1.656121313571929932e-01
1.008081436157226562e-01
-1.626172363758087158e-01
-4.064330458641052246e-01
1.358693242073059082e-01
2.201040387153625488e-01
-6.854214668273925781e-01
1.584777235984802246e-01
3.656944632530212402e-01
-7.437114715576171875e-01
-6.642721295356750488e-01
-6.348543167114257812e-01
2.098567225039005280e-02
-4.041084945201873779e-01
-2.712419927120208740e-01
4.400779306888580322e-02
-2.977738976478576660e-01
-1.131934747099876404e-01
3.435836359858512878e-02
-2.650239765644073486e-01
3.834767937660217285e-01
-9.813399612903594971e-02
-2.486467957496643066e-01
-3.510319069027900696e-02
-4.638246297836303711e-01
1.658821254968643188e-01
2.905788421630859375e-01
-5.638670325279235840e-01
2.455594241619110107e-01
-3.766215741634368896e-01
-7.368958741426467896e-02
3.201172947883605957e-01
-3.296207785606384277e-01
-7.900395244359970093e-02
