-3.259728848934173584e-02
3.372285887598991394e-02
4.014611989259719849e-02
-1.214719843119382858e-03
3.013211116194725037e-02
4.970494657754898071e-02
2.715585194528102875e-02
6.130164116621017456e-02
3.494065999984741211e-02
-5.584720522165298462e-03
3.859014064073562622e-02
-6.128438282757997513e-03
6.852056831121444702e-02
5.385924875736236572e-02
4.489313438534736633e-02
6.192073598504066467e-02
3.971595689654350281e-02
1.107608601450920105e-01
1.937280781567096710e-02
2.099610865116119385e-02
2.108267880976200104e-02
5.236791446805000305e-02
6.432870030403137207e-02
2.981452271342277527e-02
3.230014815926551819e-02
7.951536029577255249e-02
3.547441586852073669e-02
-3.368997480720281601e-03
9.316581301391124725e-03
4.122911766171455383e-02
3.590077534317970276e-02
2.133194729685783386e-02
7.166831940412521362e-02
4.598439857363700867e-02
2.593024820089340210e-02
9.497866034507751465e-02
6.266312301158905029e-02
3.328096494078636169e-02
3.261569514870643616e-02
4.530666768550872803e-02
3.400058299303054810e-02
3.429305180907249451e-02
-1.939759962260723114e-02
5.419676378369331360e-02
3.283447027206420898e-02
1.853731647133827209e-02
6.406450271606445312e-02
4.094323888421058655e-02
3.652945160865783691e-02
4.723957926034927368e-02
5.717285722494125366e-02
4.449412971735000610e-02
8.361206203699111938e-02
2.486597001552581787e-02
-1.043643895536661148e-02
4.126159101724624634e-02
5.540929734706878662e-02
8.302085846662521362e-02
5.408091843128204346e-02
-1.348778512328863144e-02
2.737513184547424316e-02
2.880246937274932861e-02
3.576444834470748901e-02
1.108408346772193909e-02
3.910548612475395203e-02
8.722775429487228394e-02
3.655444458127021790e-02
2.702030539512634277e-02
4.455418884754180908e-02
4.894258826971054077e-02
-3.620647185016423464e-04
2.293706685304641724e-02
3.853068500757217407e-02
5.335536971688270569e-02
2.203211002051830292e-02
2.238677989225834608e-04
1.267459057271480560e-02
6.313621252775192261e-02
8.395654708147048950e-02
8.003558032214641571e-03
1.454982999712228775e-02
2.003419585525989532e-02
3.270167484879493713e-02
3.315285593271255493e-02
2.806544490158557892e-02
-1.165994349867105484e-02
1.393110211938619614e-02
2.797586098313331604e-02
-6.858148612082004547e-03
8.640268933959305286e-04
7.635239511728286743e-02
4.773204773664474487e-02
3.544792905449867249e-02
2.599006891250610352e-02
3.087243810296058655e-02
-7.740152068436145782e-03
3.306916728615760803e-02
-3.376462729647755623e-03
3.589918464422225952e-02
2.891030907630920410e-02
5.284552648663520813e-02
5.542108044028282166e-02
7.371344137936830521e-03
5.002871155738830566e-02
5.306941643357276917e-02
4.033732041716575623e-02
2.463526651263237000e-02
-3.354768035933375359e-03
1.756359823048114777e-02
3.002219460904598236e-02
-1.980429078685119748e-04
-1.081575523130595684e-03
5.790386721491813660e-02
1.997167803347110748e-02
2.634850703179836273e-02
4.486038535833358765e-02
3.661522269248962402e-02
9.319002181291580200e-02
1.282532960176467896e-01
2.260689809918403625e-02
8.550754934549331665e-02
-2.760153147391974926e-04
3.244777908548712730e-03
2.264039404690265656e-02
4.226498305797576904e-02
2.328420616686344147e-02
1.504625566303730011e-02
3.779031336307525635e-02
