1.688749045133590698e-01
1.953477114439010620e-01
8.282040059566497803e-02
9.065103530883789062e-02
1.314153671264648438e-01
1.056395322084426880e-01
6.521779298782348633e-02
1.006754636764526367e-01
8.602983504533767700e-02
1.118171960115432739e-01
1.264629364013671875e-01
1.175472065806388855e-01
8.613494038581848145e-02
1.386259198188781738e-01
1.676256209611892700e-01
4.973002150654792786e-02
7.981438934803009033e-02
8.114394545555114746e-02
1.629759669303894043e-01
1.960617154836654663e-01
1.566144824028015137e-01
1.994993388652801514e-01
6.454976648092269897e-02
2.493306696414947510e-01
6.334501504898071289e-02
2.411627322435379028e-01
1.101916879415512085e-01
1.085475906729698181e-01
9.132203459739685059e-02
7.126073539257049561e-02
1.355665773153305054e-01
1.060890033841133118e-01
1.378517895936965942e-01
9.440176934003829956e-02
1.744949519634246826e-01
1.246295422315597534e-01
1.037024259567260742e-01
8.725613355636596680e-02
1.537823081016540527e-01
1.142819374799728394e-01
7.034865766763687134e-02
7.145138829946517944e-02
1.702772825956344604e-01
7.969684153795242310e-02
9.938391298055648804e-02
7.029881328344345093e-02
7.320025563240051270e-02
6.978764384984970093e-02
7.651934772729873657e-02
1.187502741813659668e-01
1.748836189508438110e-01
4.145339429378509521e-01
1.019397079944610596e-01
9.195934981107711792e-02
1.430760473012924194e-01
1.085383668541908264e-01
1.333850324153900146e-01
8.878014236688613892e-02
1.100896149873733521e-01
9.482886642217636108e-02
5.012318491935729980e-02
4.288273677229881287e-02
5.023173615336418152e-02
7.875268161296844482e-02
8.962393552064895630e-02
1.149145737290382385e-01
6.956130266189575195e-02
1.187550574541091919e-01
1.096450388431549072e-01
1.622929424047470093e-01
1.475467681884765625e-01
8.282393217086791992e-02
8.057535439729690552e-02
5.017038434743881226e-02
1.449433565139770508e-01
8.614223450422286987e-02
7.005636394023895264e-02
1.601984202861785889e-01
1.203974559903144836e-01
1.422199904918670654e-01
8.369184285402297974e-02
1.739455312490463257e-01
7.468467950820922852e-02
1.533687561750411987e-01
8.332519233226776123e-02
1.660897135734558105e-01
5.816766619682312012e-02
1.526557356119155884e-01
1.014547348022460938e-01
8.060840517282485962e-02
4.859545081853866577e-02
9.926471114158630371e-02
1.021544262766838074e-01
2.188078165054321289e-01
1.892241537570953369e-01
1.347404271364212036e-01
1.053692102432250977e-01
1.096115410327911377e-01
1.642744392156600952e-01
8.801833540201187134e-02
2.645207345485687256e-01
1.444268375635147095e-01
1.766397058963775635e-01
1.379196941852569580e-01
7.433757930994033813e-02
9.366610646247863770e-02
8.685168623924255371e-02
1.664908230304718018e-01
1.438284814357757568e-01
3.946270421147346497e-02
4.352819919586181641e-02
7.386572659015655518e-02
1.257161647081375122e-01
7.572291791439056396e-02
1.437591016292572021e-01
1.709181815385818481e-01
1.421761959791183472e-01
1.481164842844009399e-01
9.732772409915924072e-02
9.106442332267761230e-02
1.784453541040420532e-01
8.678481727838516235e-02
1.351089924573898315e-01
6.045374646782875061e-02
1.592050343751907349e-01
7.667440921068191528e-02
1.442672014236450195e-01
7.887524366378784180e-02
6.131765246391296387e-02
2.287822216749191284e-01
1.313194781541824341e-01
1.306790709495544434e-01
1.218436434864997864e-01
9.954577684402465820e-02
1.221223697066307068e-01
5.320961400866508484e-02
1.913689970970153809e-01
2.548129856586456299e-01
1.190194934606552124e-01
2.715582251548767090e-01
4.905800893902778625e-02
1.795724183320999146e-01
2.045510262250900269e-01
1.270398497581481934e-01
9.008978307247161865e-02
2.433749735355377197e-01
1.166431084275245667e-01
7.410274446010589600e-02
1.703489571809768677e-01
2.202142328023910522e-01
6.931513547897338867e-02
6.036815047264099121e-02
1.457493305206298828e-01
6.994942575693130493e-02
1.029443740844726562e-01
2.375317066907882690e-01
1.273964196443557739e-01
1.313364058732986450e-01
1.053639426827430725e-01
3.725508973002433777e-02
5.009784549474716187e-02
9.643754363059997559e-02
1.051959097385406494e-01
1.027931421995162964e-01
1.840261965990066528e-01
4.521260410547256470e-02
2.923779487609863281e-01
1.691108793020248413e-01
1.033507958054542542e-01
1.155754327774047852e-01
1.442298889160156250e-01
1.037195324897766113e-01
1.030491963028907776e-01
8.985932171344757080e-02
1.003224998712539673e-01
1.874129921197891235e-01
7.540732622146606445e-02
1.283121556043624878e-01
1.201383247971534729e-01
1.024564653635025024e-01
1.475453674793243408e-01
2.595048248767852783e-01
1.071777418255805969e-01
6.431178748607635498e-02
2.352408617734909058e-01
8.712635189294815063e-02
1.768139451742172241e-01
1.279583126306533813e-01
7.398468255996704102e-02
5.181344598531723022e-02
1.499757319688796997e-01
9.109225124120712280e-02
1.383191049098968506e-01
1.386252641677856445e-01
3.219606280326843262e-01
3.738663494586944580e-01
8.824456483125686646e-02
1.022130250930786133e-01
4.562307149171829224e-02
1.467665582895278931e-01
1.526326984167098999e-01
2.583421170711517334e-01
2.147978544235229492e-01
2.405704855918884277e-01
1.455923765897750854e-01
1.029349938035011292e-01
9.400000423192977905e-02
1.396049112081527710e-01
5.319379642605781555e-02
1.092400401830673218e-01
1.595114767551422119e-01
9.740597754716873169e-02
1.361884623765945435e-01
1.021191552281379700e-01
1.762562990188598633e-01
9.721910953521728516e-02
9.810937196016311646e-02
7.527916133403778076e-02
1.439104378223419189e-01
7.916335016489028931e-02
1.236921772360801697e-01
7.433822005987167358e-02
1.687653660774230957e-01
1.180978417396545410e-01
1.835399121046066284e-01
1.510490030050277710e-01
7.240925729274749756e-02
1.927847713232040405e-01
8.812822401523590088e-02
1.920294165611267090e-01
1.485922187566757202e-01
8.291107416152954102e-02
1.608696430921554565e-01
9.950525313615798950e-02
9.703160077333450317e-02
1.663842797279357910e-01
1.747529357671737671e-01
1.845590472221374512e-01
6.319517642259597778e-02
1.463399529457092285e-01
1.415448039770126343e-01
1.726679056882858276e-01
1.507195383310317993e-01
1.352030038833618164e-01
7.072316110134124756e-02
4.814544320106506348e-02
1.032579168677330017e-01
1.652338951826095581e-01
1.304579973220825195e-01
1.202110275626182556e-01
1.713876426219940186e-01
8.408845961093902588e-02
8.201502263545989990e-02
7.231777161359786987e-02
8.731037378311157227e-02
1.073779091238975525e-01
1.157980337738990784e-01
1.696157604455947876e-01
2.774201333522796631e-01
7.878676801919937134e-02
1.167221888899803162e-01
1.040076538920402527e-01
1.245788037776947021e-01
1.770600676536560059e-01
1.677020490169525146e-01
1.170867085456848145e-01
1.325766593217849731e-01
9.641893208026885986e-02
1.241347715258598328e-01
3.448314666748046875e-01
1.346466094255447388e-01
1.959712654352188110e-01
4.796547815203666687e-02
2.032428830862045288e-01
1.273385584354400635e-01
1.012601554393768311e-01
5.423316732048988342e-02
1.486570239067077637e-01
7.613518834114074707e-02
7.244308292865753174e-02
1.036880686879158020e-01
1.246498823165893555e-01
1.497630178928375244e-01
1.247425973415374756e-01
1.155908107757568359e-01
1.686870157718658447e-01
7.891009747982025146e-02
1.355441212654113770e-01
1.379829943180084229e-01
8.813594281673431396e-02
1.003210619091987610e-01
1.428055614233016968e-01
2.049936503171920776e-01
6.085961684584617615e-02
4.613493382930755615e-02
1.295080780982971191e-01
7.125911861658096313e-02
1.205626726150512695e-01
1.444051563739776611e-01
1.513845026493072510e-01
1.716286540031433105e-01
5.553537979722023010e-02
7.916845381259918213e-02
1.096586510539054871e-01
1.468721777200698853e-01
1.711294054985046387e-01
1.431866139173507690e-01
1.487300395965576172e-01
1.200576424598693848e-01
1.119776815176010132e-01
6.382002681493759155e-02
2.153432369232177734e-01
2.453398406505584717e-01
1.451168805360794067e-01
1.013353243470191956e-01
1.206435263156890869e-01
7.682243734598159790e-02
1.759378910064697266e-01
1.226510480046272278e-01
5.416542291641235352e-02
1.406074613332748413e-01
7.259602844715118408e-02
8.595033735036849976e-02
7.654014229774475098e-02
1.002331152558326721e-01
1.824789941310882568e-01
6.005532294511795044e-02
1.122581213712692261e-01
8.832447975873947144e-02
9.366029500961303711e-02
2.133976221084594727e-01
1.865789592266082764e-01
1.091124117374420166e-01
1.232660263776779175e-01
5.566058680415153503e-02
1.206916496157646179e-01
9.942480176687240601e-02
1.054054498672485352e-01
9.967235475778579712e-02
8.162358403205871582e-02
1.402235925197601318e-01
9.957551956176757812e-02
1.047913581132888794e-01
1.581551879644393921e-01
6.848076730966567993e-02
1.830553263425827026e-01
7.175942510366439819e-02
1.097989901900291443e-01
1.498235166072845459e-01
1.368163675069808960e-01
7.884990423917770386e-02
1.265726387500762939e-01
5.736371129751205444e-02
1.557867527008056641e-01
7.129864394664764404e-02
8.143270015716552734e-02
1.151463687419891357e-01
4.092303663492202759e-02
1.587664932012557983e-01
3.035040795803070068e-01
2.011297345161437988e-01
1.713784486055374146e-01
1.755023896694183350e-01
1.594295203685760498e-01
1.747106760740280151e-01
1.056483611464500427e-01
2.026300728321075439e-01
2.540085911750793457e-01
1.841832697391510010e-01
3.644024580717086792e-02
2.200594097375869751e-01
3.251764774322509766e-01
8.531907200813293457e-02
1.684515029191970825e-01
8.322864025831222534e-02
4.952677339315414429e-02
7.208742946386337280e-02
8.377559483051300049e-02
1.612187623977661133e-01
2.149143815040588379e-01
7.707352191209793091e-02
2.382653802633285522e-01
2.809505760669708252e-01
7.114429771900177002e-02
1.595844924449920654e-01
1.580749005079269409e-01
9.404305368661880493e-02
1.350598931312561035e-01
8.320739120244979858e-02
1.031099185347557068e-01
7.239465415477752686e-02
6.505072861909866333e-02
1.064128875732421875e-01
7.048688083887100220e-02
1.858040243387222290e-01
1.644475758075714111e-01
6.796232610940933228e-02
1.777896732091903687e-01
3.378209471702575684e-01
8.497448265552520752e-02
4.466960579156875610e-02
7.283567637205123901e-02
2.863872945308685303e-01
1.303373873233795166e-01
8.664841204881668091e-02
1.005871221423149109e-01
1.252470612525939941e-01
9.246792644262313843e-02
1.347449421882629395e-01
8.884959667921066284e-02
5.101175233721733093e-02
1.617801934480667114e-01
2.259298563003540039e-01
3.923015296459197998e-02
1.909067779779434204e-01
8.311206847429275513e-02
9.936206042766571045e-02
1.517978310585021973e-01
1.205683872103691101e-01
1.427920758724212646e-01
1.742477715015411377e-01
1.218923330307006836e-01
8.923964947462081909e-02
2.560858130455017090e-01
1.367638856172561646e-01
7.903362810611724854e-02
9.258524328470230103e-02
6.884015351533889771e-02
1.591630578041076660e-01
9.005460143089294434e-02
1.981565654277801514e-01
7.231663912534713745e-02
1.476484239101409912e-01
1.222458854317665100e-01
2.170592397451400757e-01
1.483002901077270508e-01
1.087616160511970520e-01
2.388002276420593262e-01
2.586394250392913818e-01
1.484406739473342896e-01
7.278653234243392944e-02
9.272898733615875244e-02
8.064091205596923828e-02
1.563957333564758301e-01
1.253277212381362915e-01
8.806736767292022705e-02
1.159642487764358521e-01
8.493865281343460083e-02
1.266527175903320312e-01
1.722149103879928589e-01
1.448004841804504395e-01
6.809289753437042236e-02
1.160498335957527161e-01
9.935716539621353149e-02
6.561919301748275757e-02
2.069908380508422852e-01
7.026074081659317017e-02
1.956358850002288818e-01
7.661883533000946045e-02
5.549898743629455566e-02
7.485925406217575073e-02
1.051527336239814758e-01
9.888704121112823486e-02
1.721109598875045776e-01
1.721654832363128662e-01
1.064751446247100830e-01
1.004074886441230774e-01
1.524861007928848267e-01
1.056530848145484924e-01
1.520753353834152222e-01
1.352874785661697388e-01
2.012906372547149658e-01
8.643411099910736084e-02
1.049908846616744995e-01
1.018416583538055420e-01
1.430417448282241821e-01
1.640974879264831543e-01
4.968455806374549866e-02
2.236231714487075806e-01
8.712470531463623047e-02
1.771983653306961060e-01
3.780825734138488770e-01
1.309944242238998413e-01
2.345022708177566528e-01
2.273907810449600220e-01
8.376391977071762085e-02
8.098538219928741455e-02
3.923951387405395508e-01
9.717675298452377319e-02
8.986963331699371338e-02
7.361481338739395142e-02
1.280264407396316528e-01
8.677930384874343872e-02
7.211576402187347412e-02
1.498878002166748047e-01
1.704061478376388550e-01
1.523140966892242432e-01
9.595254063606262207e-02
1.974154263734817505e-01
1.961836963891983032e-01
1.205005347728729248e-01
2.159937024116516113e-01
7.971909642219543457e-02
2.168542295694351196e-01
7.533249258995056152e-02
1.245758086442947388e-01
9.615742415189743042e-02
1.295446902513504028e-01
1.805623024702072144e-01
1.056295186281204224e-01
1.706728339195251465e-01
1.112541630864143372e-01
5.271568894386291504e-02
9.399180859327316284e-02
2.590499222278594971e-01
1.370709091424942017e-01
9.304318577051162720e-02
1.281761974096298218e-01
1.743286103010177612e-01
1.568041890859603882e-01
2.563185095787048340e-01
1.016903370618820190e-01
1.413877159357070923e-01
2.019201070070266724e-01
1.108302101492881775e-01
1.034294590353965759e-01
2.310402989387512207e-01
8.570973575115203857e-02
1.393047124147415161e-01
8.634194731712341309e-02
2.007313072681427002e-01
6.238882243633270264e-02
8.078942447900772095e-02
1.047985181212425232e-01
5.321472883224487305e-02
1.464795172214508057e-01
7.580866664648056030e-02
7.105827331542968750e-02
1.531091034412384033e-01
1.729562431573867798e-01
5.867898836731910706e-02
2.195829898118972778e-01
1.308470368385314941e-01
7.681661844253540039e-02
2.284668087959289551e-01
9.965649247169494629e-02
8.437411487102508545e-02
8.891904354095458984e-02
1.030258536338806152e-01
1.403331011533737183e-01
1.880663335323333740e-01
2.777058184146881104e-01
8.505925536155700684e-02
6.977572292089462280e-02
1.081780418753623962e-01
1.039450466632843018e-01
1.133170574903488159e-01
7.727666944265365601e-02
9.648171812295913696e-02
9.810640662908554077e-02
1.704500019550323486e-01
1.314879953861236572e-01
1.927142143249511719e-01
1.056720688939094543e-01
8.026815205812454224e-02
1.021772548556327820e-01
8.569563180208206177e-02
2.007831931114196777e-01
1.190240979194641113e-01
7.692538201808929443e-02
3.956306725740432739e-02
7.573848217725753784e-02
1.318118721246719360e-01
2.091573327779769897e-01
7.901201397180557251e-02
1.300394237041473389e-01
1.369248330593109131e-01
4.662070050835609436e-02
2.444711178541183472e-01
1.582662016153335571e-01
1.475174576044082642e-01
1.812159270048141479e-01
5.294658616185188293e-02
2.177734822034835815e-01
8.560796827077865601e-02
1.402828693389892578e-01
4.496059939265251160e-02
2.516515851020812988e-01
1.013691797852516174e-01
1.229137256741523743e-01
1.253754645586013794e-01
9.671623259782791138e-02
9.872965514659881592e-02
1.348499059677124023e-01
1.130879595875740051e-01
8.178227394819259644e-02
9.898965805768966675e-02
2.966206967830657959e-01
1.713783144950866699e-01
1.018239781260490417e-01
8.296985924243927002e-02
9.537966549396514893e-02
1.393526196479797363e-01
8.152059465646743774e-02
1.748693883419036865e-01
9.455694258213043213e-02
1.231257319450378418e-01
1.187458187341690063e-01
3.121170587837696075e-02
3.622480854392051697e-02
4.036000370979309082e-02
9.559791535139083862e-02
2.102370560169219971e-01
8.959731459617614746e-02
1.205256730318069458e-01
5.852277949452400208e-02
1.104025691747665405e-01
1.079471185803413391e-01
1.562444865703582764e-01
1.291638463735580444e-01
1.261827349662780762e-01
2.635149657726287842e-01
3.733326494693756104e-01
1.214341819286346436e-01
2.790286839008331299e-01
1.449697911739349365e-01
2.381736189126968384e-01
1.168888956308364868e-01
1.892353594303131104e-01
1.579794734716415405e-01
9.635295718908309937e-02
1.601793617010116577e-01
1.479483693838119507e-01
6.083009764552116394e-02
1.195563673973083496e-01
2.227962166070938110e-01
1.195516362786293030e-01
1.492479145526885986e-01
1.215660944581031799e-01
8.496017754077911377e-02
9.506155550479888916e-02
1.516045033931732178e-01
3.367756605148315430e-01
2.360354959964752197e-01
2.526273131370544434e-01
4.349061101675033569e-02
8.615259081125259399e-02
1.598781496286392212e-01
9.341342747211456299e-02
1.497902721166610718e-01
2.306990325450897217e-01
1.250630021095275879e-01
1.213852241635322571e-01
1.839304566383361816e-01
2.062749713659286499e-01
8.918444812297821045e-02
1.200683936476707458e-01
5.204936116933822632e-02
2.351003885269165039e-01
1.186987981200218201e-01
2.095242291688919067e-01
1.746745258569717407e-01
1.175782531499862671e-01
1.449437588453292847e-01
1.534540206193923950e-01
1.032920330762863159e-01
1.474176347255706787e-01
1.404744237661361694e-01
1.128480955958366394e-01
1.015469282865524292e-01
1.514559686183929443e-01
1.048023551702499390e-01
1.304984986782073975e-01
7.541812211275100708e-02
8.593370765447616577e-02
1.021302342414855957e-01
4.656390473246574402e-02
8.443283289670944214e-02
1.410532891750335693e-01
6.802777200937271118e-02
7.571458071470260620e-02
1.154508069157600403e-01
1.014138832688331604e-01
1.492638587951660156e-01
3.366892337799072266e-01
5.989325791597366333e-02
2.218903005123138428e-01
9.343477338552474976e-02
2.412259280681610107e-01
1.303094476461410522e-01
4.843909665942192078e-02
6.187630444765090942e-02
1.080615371465682983e-01
2.576046586036682129e-01
8.674781024456024170e-02
5.528254806995391846e-02
7.330236583948135376e-02
1.663351207971572876e-01
7.748135179281234741e-02
1.526524275541305542e-01
1.642468571662902832e-01
9.394863992929458618e-02
1.408296078443527222e-01
1.117168962955474854e-01
7.508795708417892456e-02
1.292444467544555664e-01
5.109328776597976685e-02
1.645107567310333252e-01
5.741103366017341614e-02
9.725265204906463623e-02
7.178541272878646851e-02
1.874512284994125366e-01
6.779252737760543823e-02
7.362005859613418579e-02
9.156407415866851807e-02
1.354583054780960083e-01
1.259473860263824463e-01
8.445173501968383789e-02
7.384318858385086060e-02
2.534402608871459961e-01
1.202777251601219177e-01
8.862715959548950195e-02
9.391274303197860718e-02
1.791361272335052490e-01
2.266577184200286865e-01
4.976311698555946350e-02
3.717326745390892029e-02
1.119454130530357361e-01
5.935470387339591980e-02
1.767155081033706665e-01
1.046198233962059021e-01
1.085129603743553162e-01
8.102984726428985596e-02
6.666257977485656738e-02
8.830306679010391235e-02
4.436670988798141479e-02
2.335775047540664673e-01
8.161545544862747192e-02
2.122825682163238525e-01
1.269021183252334595e-01
8.532463759183883667e-02
5.582178384065628052e-02
6.557434797286987305e-02
2.068977504968643188e-01
5.288002267479896545e-02
1.184061318635940552e-01
1.270568370819091797e-01
1.217473223805427551e-01
1.249249801039695740e-01
1.022463887929916382e-01
1.418240964412689209e-01
1.976939588785171509e-01
1.659799069166183472e-01
7.206077128648757935e-02
1.865335255861282349e-01
1.352937072515487671e-01
1.438526958227157593e-01
2.323438078165054321e-01
7.142115384340286255e-02
9.014251828193664551e-02
1.039266660809516907e-01
6.719613820314407349e-02
1.956916600465774536e-01
1.936156153678894043e-01
2.152799069881439209e-01
8.118090778589248657e-02
1.628622412681579590e-01
6.899928301572799683e-02
1.575876474380493164e-01
1.842239499092102051e-01
2.780407369136810303e-01
1.008856520056724548e-01
2.582078278064727783e-01
1.711516231298446655e-01
2.122292220592498779e-01
9.478347003459930420e-02
1.098331734538078308e-01
1.093268617987632751e-01
9.475691616535186768e-02
5.946763604879379272e-02
9.133066236972808838e-02
1.477882117033004761e-01
9.387907385826110840e-02
7.977940887212753296e-02
1.389591693878173828e-01
5.215914919972419739e-02
7.275802642107009888e-02
7.308270782232284546e-02
8.110239356756210327e-02
1.704259961843490601e-01
1.593997329473495483e-01
1.223540753126144409e-01
6.029328703880310059e-02
1.849695295095443726e-01
1.513104140758514404e-01
1.712689250707626343e-01
1.312508583068847656e-01
5.196236446499824524e-02
1.185781657695770264e-01
1.432113945484161377e-01
1.398299187421798706e-01
1.542121917009353638e-01
1.234078481793403625e-01
1.318886578083038330e-01
5.961311981081962585e-02
6.687389314174652100e-02
1.630906164646148682e-01
5.613033473491668701e-02
2.367525100708007812e-01
1.854234337806701660e-01
1.656949073076248169e-01
1.620057821273803711e-01
1.523292362689971924e-01
2.198872864246368408e-01
5.554777756333351135e-02
7.598823308944702148e-02
2.058157175779342651e-01
1.333474963903427124e-01
8.557847142219543457e-02
1.895908117294311523e-01
1.365598589181900024e-01
1.603476554155349731e-01
1.020196899771690369e-01
1.046957075595855713e-01
1.807711273431777954e-01
1.655233353376388550e-01
9.534113854169845581e-02
1.354947984218597412e-01
2.505540549755096436e-01
1.056334972381591797e-01
6.405179947614669800e-02
2.068776935338973999e-01
9.662920236587524414e-02
1.058191135525703430e-01
3.255834877490997314e-01
1.559086889028549194e-01
3.694732487201690674e-01
1.322741061449050903e-01
5.259376019239425659e-02
1.455278992652893066e-01
1.655934751033782959e-01
1.169662252068519592e-01
1.157765910029411316e-01
1.063345372676849365e-01
4.271528124809265137e-02
1.280538290739059448e-01
6.847868114709854126e-02
1.562644690275192261e-01
1.132688149809837341e-01
1.063461899757385254e-01
9.987698495388031006e-02
7.526347041130065918e-02
9.113310277462005615e-02
1.121661588549613953e-01
1.559768319129943848e-01
8.457762002944946289e-02
3.727108985185623169e-02
1.488795578479766846e-01
7.080368697643280029e-02
7.964793592691421509e-02
2.377687692642211914e-01
1.605092585086822510e-01
1.264619082212448120e-01
1.258912682533264160e-01
7.704406976699829102e-02
8.139967918395996094e-02
8.031515777111053467e-02
3.822014331817626953e-01
1.034664511680603027e-01
6.714677065610885620e-02
6.559497117996215820e-02
1.549084186553955078e-01
1.292549818754196167e-01
7.803804427385330200e-02
7.723571360111236572e-02
1.788342297077178955e-01
1.942226439714431763e-01
3.694890737533569336e-01
7.694468647241592407e-02
1.113371774554252625e-01
1.439134180545806885e-01
1.748245507478713989e-01
1.501433402299880981e-01
1.723630726337432861e-01
1.438947170972824097e-01
1.221412941813468933e-01
5.401891842484474182e-02
1.393917649984359741e-01
1.603500843048095703e-01
6.014445051550865173e-02
1.790380030870437622e-01
1.190411821007728577e-01
3.510457649827003479e-02
2.276565581560134888e-01
9.589370340108871460e-02
1.194731816649436951e-01
5.679048225283622742e-02
5.859227851033210754e-02
1.612214893102645874e-01
1.325357854366302490e-01
1.963470578193664551e-01
1.552139818668365479e-01
4.217436537146568298e-02
1.742920577526092529e-01
1.837438195943832397e-01
1.980879753828048706e-01
1.494164466857910156e-01
5.824533104896545410e-02
1.668463349342346191e-01
1.627454459667205811e-01
3.080077171325683594e-01
1.302866935729980469e-01
1.307227015495300293e-01
1.457004398107528687e-01
9.958641976118087769e-02
5.168316140770912170e-02
4.479153081774711609e-02
1.308227628469467163e-01
8.741682767868041992e-02
1.151086837053298950e-01
5.299967527389526367e-02
1.569664031267166138e-01
1.009045466780662537e-01
1.112667918205261230e-01
4.502317309379577637e-02
1.521364748477935791e-01
1.061095744371414185e-01
1.632594168186187744e-01
1.076966002583503723e-01
1.191333159804344177e-01
1.701631546020507812e-01
7.421121001243591309e-02
2.793996632099151611e-01
1.007608696818351746e-01
1.359072923660278320e-01
1.038338094949722290e-01
7.919922471046447754e-02
1.416444927453994751e-01
1.007860898971557617e-01
8.525407314300537109e-02
5.045786127448081970e-02
8.812905848026275635e-02
3.016740679740905762e-01
2.393719553947448730e-01
1.508930474519729614e-01
8.334790915250778198e-02
1.212822571396827698e-01
9.919469058513641357e-02
1.159775555133819580e-01
1.566785126924514771e-01
6.569495797157287598e-02
1.357095092535018921e-01
5.914571881294250488e-02
8.314271271228790283e-02
7.776089012622833252e-02
1.334947496652603149e-01
1.792282611131668091e-01
6.245625391602516174e-02
1.381274759769439697e-01
9.974523633718490601e-02
1.310165524482727051e-01
1.585472524166107178e-01
6.260092556476593018e-02
2.189434915781021118e-01
1.568336635828018188e-01
1.065994128584861755e-01
1.357737481594085693e-01
2.151091545820236206e-01
1.108452454209327698e-01
1.980753242969512939e-01
6.447019428014755249e-02
1.779458522796630859e-01
9.552533179521560669e-02
1.483602672815322876e-01
9.137649089097976685e-02
2.038307934999465942e-01
7.638851553201675415e-02
3.384020924568176270e-01
1.055673882365226746e-01
1.266852319240570068e-01
1.479515582323074341e-01
1.365633010864257812e-01
1.714423447847366333e-01
2.087037861347198486e-01
1.704825311899185181e-01
1.584616750478744507e-01
1.729866713285446167e-01
9.300130605697631836e-02
7.322503626346588135e-02
1.294518262147903442e-01
1.004657521843910217e-01
4.955287277698516846e-02
1.218124851584434509e-01
1.333701014518737793e-01
8.138571679592132568e-02
7.521222531795501709e-02
1.105696260929107666e-01
5.034974589943885803e-02
1.413518637418746948e-01
1.773750334978103638e-01
1.312452256679534912e-01
7.316251844167709351e-02
2.330610454082489014e-01
8.757558465003967285e-02
9.838327765464782715e-02
8.197335898876190186e-02
9.148605167865753174e-02
1.107207164168357849e-01
1.822433173656463623e-01
1.010768413543701172e-01
1.193728521466255188e-01
1.143708601593971252e-01
1.780338585376739502e-01
1.184780374169349670e-01
4.038397967815399170e-02
9.456397593021392822e-02
1.002589762210845947e-01
9.630524367094039917e-02
1.324087232351303101e-01
2.036373317241668701e-01
1.239020973443984985e-01
1.426484286785125732e-01
4.853804409503936768e-02
1.215013116598129272e-01
