-1.244973421096801758e+00
3.433468580245971680e+00
-6.405892968177795410e-01
2.265825271606445312e+00
6.216566562652587891e+00
5.261229991912841797e+00
1.061656594276428223e+00
3.480391263961791992e+00
-1.295653343200683594e+00
-3.645132780075073242e+00
-1.048463463783264160e+00
-3.271232128143310547e+00
-2.774638831615447998e-01
8.453373908996582031e+00
-8.720078468322753906e+00
-2.577819585800170898e+00
-1.534933686256408691e+00
-4.183891713619232178e-01
-3.355393171310424805e+00
4.470278263092041016e+00
6.478480696678161621e-01
1.458032965660095215e+00
8.017009735107421875e+00
-2.690689802169799805e+00
-1.917244911193847656e+00
-5.364778041839599609e+00
4.672328829765319824e-01
1.274065136909484863e+00
3.103261947631835938e+00
7.442280650138854980e-01
1.746773123741149902e+00
-3.844915390014648438e+00
4.133156776428222656e+00
5.860195159912109375e+00
-4.822919368743896484e+00
-4.196037650108337402e-01
3.097334861755371094e+00
7.507135391235351562e+00
-2.627962112426757812e+00
-8.748987197875976562e+00
6.219835758209228516e+00
1.976047515869140625e+00
-4.464112758636474609e+00
4.596423506736755371e-01
3.250759601593017578e+00
-4.159374237060546875e+00
-1.203824234008789062e+01
1.486128926277160645e+00
-3.274862527847290039e+00
-2.671930551528930664e+00
-8.689541816711425781e+00
5.393103599548339844e+00
-8.032596588134765625e+00
8.664429783821105957e-01
-1.926429390907287598e+00
1.482908606529235840e+00
-1.706011414527893066e+00
9.860444068908691406e+00
-9.671031951904296875e+00
-1.938779592514038086e+00
2.348763704299926758e+00
1.243214607238769531e+00
6.892471790313720703e+00
-4.907586097717285156e+00
1.833838105201721191e+00
-3.457207441329956055e+00
3.880165576934814453e+00
-3.497642993927001953e+00
-3.540429115295410156e+00
5.150191783905029297e+00
1.532288074493408203e+01
-4.290620326995849609e+00
3.578969955444335938e+00
-1.171745300292968750e+00
-4.750715792179107666e-01
-3.916178643703460693e-01
-1.548416167497634888e-01
-2.148288011550903320e+00
1.188771605491638184e+00
2.309985756874084473e-01
-1.416896462440490723e+00
7.128226757049560547e-01
-1.209249973297119141e+00
4.953752458095550537e-01
-2.480520725250244141e+00
3.699207067489624023e+00
-5.543778419494628906e+00
8.577477455139160156e+00
-3.244988441467285156e+00
2.508101701736450195e+00
-7.030307650566101074e-01
6.078580379486083984e+00
-3.162307262420654297e+00
-2.705467224121093750e+00
-4.894703388214111328e+00
-7.019652128219604492e-01
-2.077696323394775391e+00
7.940177440643310547e+00
3.799592971801757812e+00
-7.255473136901855469e-01
-1.363023996353149414e+00
7.050401210784912109e+00
4.316456317901611328e+00
-4.445709228515625000e+00
-2.051440715789794922e+00
4.418998718261718750e+00
-1.822177648544311523e+00
-2.158712863922119141e+00
-4.364071846008300781e+00
-5.565245151519775391e+00
9.203969955444335938e+00
5.245447158813476562e+00
-4.256876945495605469e+00
-2.012822389602661133e+00
3.470247983932495117e+00
-6.846818327903747559e-01
3.706440210342407227e+00
5.798272609710693359e+00
1.278400540351867676e+00
-1.412437949329614639e-02
7.496413588523864746e-01
-6.648064851760864258e-01
4.704762458801269531e+00
1.146079659461975098e+00
-3.258212804794311523e-01
2.381348133087158203e+00
-3.256134033203125000e+00
-4.214814662933349609e+00
-2.995360493659973145e-01
-1.107609868049621582e+00
5.621726989746093750e+00
8.295211791992187500e-01
6.233865261077880859e+00
-6.184669971466064453e+00
-1.421821236610412598e+00
5.452936172485351562e+00
1.095086336135864258e-02
-5.693861007690429688e+00
-4.598717689514160156e+00
-8.157405853271484375e-01
4.961756706237792969e+00
-4.255473315715789795e-01
1.165983963012695312e+01
-1.381040096282958984e+00
-5.756803035736083984e+00
-3.724477767944335938e+00
2.894884109497070312e+00
4.869863688945770264e-01
-2.801967263221740723e-01
-4.609485626220703125e+00
-9.191272258758544922e-01
-3.064404010772705078e+00
4.805693149566650391e+00
4.052424430847167969e-01
-2.322900533676147461e+00
-1.444057703018188477e+00
-1.756639480590820312e+00
-3.037212133407592773e+00
4.150304317474365234e+00
-8.368461608886718750e+00
-2.952144861221313477e+00
2.475666522979736328e+00
-4.421039104461669922e+00
-2.728709220886230469e+00
-4.384568929672241211e-01
-2.074062347412109375e+00
-5.394838333129882812e+00
-7.169175148010253906e-01
-2.486978769302368164e+00
-3.870427608489990234e+00
-3.922069311141967773e+00
2.533775329589843750e+00
-6.123963356018066406e+00
-4.653992176055908203e+00
-7.197999954223632812e+00
-2.697259664535522461e+00
-6.412726402282714844e+00
1.323633956909179688e+01
-8.979640007019042969e+00
3.482725024223327637e-01
-1.120783686637878418e+00
4.159160137176513672e+00
-5.178208351135253906e+00
1.854504346847534180e+00
4.216359615325927734e+00
1.041436481475830078e+01
-1.032711386680603027e+00
-7.986236214637756348e-01
-6.261820793151855469e+00
-2.391958385705947876e-01
-2.778516530990600586e+00
3.875141859054565430e+00
-2.881535291671752930e+00
-1.213383769989013672e+01
4.734289169311523438e+00
9.007898569107055664e-01
-2.479465723037719727e+00
-9.706533551216125488e-01
6.870770931243896484e+00
1.517826020717620850e-01
-2.620150089263916016e+00
3.000814437866210938e+00
1.964046478271484375e+00
-5.361518383026123047e+00
1.387000560760498047e+01
1.802782416343688965e+00
-7.314355373382568359e-01
1.383510351181030273e+00
3.714721918106079102e+00
3.686018705368041992e+00
5.807144165039062500e+00
-5.177365303039550781e+00
-1.790143728256225586e+00
4.805403709411621094e+00
1.754905939102172852e+00
-5.003091812133789062e+00
-1.954792213439941406e+01
-5.928661823272705078e-01
3.125612258911132812e+00
4.149387359619140625e+00
3.223902225494384766e+00
-4.023015975952148438e+00
-1.813982725143432617e+00
-8.273979187011718750e+00
-3.797838926315307617e+00
3.031194686889648438e+00
1.125020742416381836e+00
-7.924140691757202148e-01
-8.687794208526611328e-03
1.217865228652954102e+00
3.388514509424567223e-03
-1.168461132049560547e+01
-6.226696014404296875e+00
-5.206848144531250000e+00
3.076018333435058594e+00
-4.689900279045104980e-01
1.031200599670410156e+01
-4.886410713195800781e+00
-8.338032960891723633e-01
-2.713776826858520508e+00
4.455421864986419678e-01
-3.206249237060546875e+00
8.446825146675109863e-01
6.282080173492431641e+00
1.988210201263427734e+00
1.795504331588745117e+00
1.575191974639892578e+00
-6.189876198768615723e-01
1.516285061836242676e+00
3.096648454666137695e+00
4.628426551818847656e+00
-3.788312911987304688e+00
1.591209292411804199e+00
-3.771971940994262695e+00
5.325696945190429688e+00
8.175534605979919434e-01
-6.967142105102539062e+00
-2.041429758071899414e+00
-7.180114746093750000e+00
1.262127637863159180e+00
-1.460063695907592773e+00
2.057288408279418945e+00
4.643471240997314453e+00
-6.312131404876708984e+00
-3.605407476425170898e+00
4.517922401428222656e+00
4.859217643737792969e+00
-4.061323165893554688e+00
-1.510682964324951172e+01
-6.412653923034667969e+00
5.670449733734130859e+00
-2.525367975234985352e+00
7.660285234451293945e-01
-1.117167663574218750e+01
2.120092153549194336e+00
7.512393474578857422e+00
-2.180880784988403320e+00
-3.868981599807739258e-01
-7.797707080841064453e+00
1.972419857978820801e+00
1.754210442304611206e-01
-4.274733662605285645e-01
3.743479013442993164e+00
4.152683258056640625e+00
-3.238367080688476562e+00
1.064358592033386230e+00
-1.233048677444458008e+00
-3.534345388412475586e+00
-5.817729473114013672e+00
2.257185459136962891e+00
-3.356860876083374023e+00
4.525701999664306641e-01
4.421261310577392578e+00
3.757862448692321777e-01
-4.693457126617431641e+00
7.959021091461181641e+00
9.376065731048583984e-01
1.785351634025573730e+00
1.513658142089843750e+01
2.967870950698852539e+00
4.589457511901855469e+00
4.741562366485595703e+00
-8.829957842826843262e-01
-7.182961463928222656e+00
-3.463943481445312500e+00
4.275124073028564453e+00
-1.835563421249389648e+00
-3.159907341003417969e+00
2.048833131790161133e+00
4.837987124919891357e-01
6.820593357086181641e+00
8.408704757690429688e+00
3.891258001327514648e+00
-3.818915843963623047e+00
8.631558418273925781e+00
-1.203853487968444824e+00
-2.732875347137451172e+00
-2.942929267883300781e+00
-1.002518415451049805e+00
-5.149606466293334961e-01
-6.971673965454101562e-01
-3.926420509815216064e-01
7.599860668182373047e+00
-1.794899582862854004e+00
1.232856273651123047e+00
4.284232616424560547e+00
-2.592091560363769531e-01
1.508881330490112305e+00
-9.731956124305725098e-01
1.022974681854248047e+01
-2.405142307281494141e+00
-2.715135812759399414e-01
3.610221445560455322e-01
5.393815994262695312e+00
1.602610111236572266e+00
-3.075808048248291016e+00
1.440445899963378906e+00
6.308067321777343750e+00
5.159434676170349121e-01
-5.589642524719238281e-01
-5.957488536834716797e+00
-3.840337276458740234e+00
-9.459423065185546875e+00
-3.723145484924316406e+00
9.614134788513183594e+00
-2.064639091491699219e+00
-1.304110240936279297e+01
-5.276610374450683594e+00
4.833136558532714844e+00
-2.739249706268310547e+00
1.292401790618896484e+00
3.624924659729003906e+00
-2.030022144317626953e+00
-3.731544256210327148e+00
4.019797801971435547e+00
-7.539656162261962891e+00
-1.048566579818725586e+00
-5.851842403411865234e+00
-5.263311862945556641e+00
-9.847343564033508301e-01
-1.782699108123779297e+00
4.358229637145996094e+00
6.227603912353515625e+00
-1.679392457008361816e+00
-5.030874729156494141e+00
-2.224092960357666016e+00
4.138805866241455078e+00
-1.079507255554199219e+01
-2.782910108566284180e+00
-1.226861190795898438e+01
5.466893196105957031e+00
-3.228366613388061523e+00
-2.564128637313842773e+00
1.739811897277832031e+00
4.542240798473358154e-01
-3.242257595062255859e+00
2.192288637161254883e+00
-6.789206862449645996e-01
-7.086783647537231445e-01
5.566014766693115234e+00
-6.052781105041503906e+00
3.408250570297241211e+00
-1.550022065639495850e-01
-2.309772729873657227e+00
-3.409644126892089844e+00
-2.153648853302001953e+00
5.132905006408691406e+00
-3.096981525421142578e+00
9.891619682312011719e-01
2.141153573989868164e+00
-8.219311714172363281e+00
-5.124527454376220703e+00
-2.798112869262695312e+00
2.659406661987304688e+00
-4.532900154590606689e-01
-4.652109146118164062e+00
1.753798365592956543e+00
-2.040022850036621094e+00
-3.805320262908935547e+00
3.678381145000457764e-01
5.601891875267028809e-01
-5.386285185813903809e-01
8.473389744758605957e-01
-8.751080513000488281e+00
-3.253757476806640625e+00
-4.378658294677734375e+00
-1.745910763740539551e+00
6.823654770851135254e-01
-1.426101326942443848e+00
-3.062194585800170898e+00
-2.852365732192993164e+00
-9.216407775878906250e+00
5.019368171691894531e+00
4.274136543273925781e+00
2.578321695327758789e-01
9.851837754249572754e-01
-6.377756118774414062e+00
2.601209878921508789e+00
-4.028823375701904297e+00
6.842480301856994629e-01
-1.098405957221984863e+00
5.802546977996826172e+00
6.667541980743408203e+00
5.738658428192138672e+00
-1.224931621551513672e+01
4.822297096252441406e+00
5.135497450828552246e-01
1.443166017532348633e+00
6.582179069519042969e+00
1.013959598541259766e+01
-7.623755335807800293e-01
8.622435331344604492e-01
-8.830333948135375977e-01
-2.070154666900634766e+00
4.491553783416748047e+00
-4.507084846496582031e+00
-1.075348779559135437e-01
-5.521478652954101562e+00
-1.440824866294860840e+00
-8.568378090858459473e-01
4.648756682872772217e-01
2.424347251653671265e-01
4.823696136474609375e+00
-2.891423225402832031e+00
-1.032985210418701172e+00
8.024802207946777344e+00
9.516683578491210938e+00
-1.148500800132751465e+00
-4.006758689880371094e+00
-3.115649223327636719e+00
-4.050576686859130859e+00
-1.154416441917419434e+00
-5.300938487052917480e-01
-1.897371292114257812e+00
-6.494066119194030762e-01
-3.757316827774047852e+00
1.290467500686645508e+00
-4.656738638877868652e-01
2.476148366928100586e+00
-5.419872999191284180e-01
-3.235236883163452148e+00
-6.702857017517089844e+00
-3.601100921630859375e+00
2.884894132614135742e+00
3.419235944747924805e+00
2.242841720581054688e+00
-1.395416855812072754e+00
1.728093862533569336e+00
6.532910823822021484e+00
-4.995283126831054688e+00
-1.624354243278503418e+00
-3.868309974670410156e+00
-4.917989253997802734e+00
-2.978803873062133789e+00
-1.915352225303649902e+00
-4.265602111816406250e+00
1.782254129648208618e-02
-2.092346906661987305e+00
1.125698804855346680e+00
-2.717379093170166016e+00
-1.001788973808288574e+00
-2.995009660720825195e+00
2.307842493057250977e+00
-4.368817806243896484e+00
-1.001966094970703125e+01
-4.544754028320312500e+00
-4.116107940673828125e+00
-4.494503438472747803e-01
-2.845427036285400391e+00
-4.411763668060302734e+00
-9.103440642356872559e-01
4.442153453826904297e+00
2.182074934244155884e-01
5.490418076515197754e-01
-9.954439163208007812e+00
-1.264086484909057617e+00
-1.433827519416809082e+00
-2.568932771682739258e+00
-1.883038163185119629e+00
-4.151358604431152344e+00
-2.218989372253417969e+00
1.294641476124525070e-02
-3.586882650852203369e-01
1.332673788070678711e+00
6.946051120758056641e+00
-2.761729717254638672e+00
7.660722732543945312e-01
9.786204338073730469e+00
-5.602195739746093750e+00
-4.633053779602050781e+00
-3.427795886993408203e+00
4.014772474765777588e-01
