9.911131858825683594e-01
1.025502920150756836e+00
1.006835460662841797e+00
1.031103491783142090e+00
9.867990016937255859e-01
9.960512518882751465e-01
9.919335246086120605e-01
1.011672139167785645e+00
9.787068367004394531e-01
9.682843685150146484e-01
9.801828265190124512e-01
9.861885905265808105e-01
1.002689003944396973e+00
9.807686805725097656e-01
1.008841395378112793e+00
9.701601266860961914e-01
9.794059395790100098e-01
9.607237577438354492e-01
1.000424861907958984e+00
9.922540187835693359e-01
9.811881780624389648e-01
9.958115220069885254e-01
9.939749836921691895e-01
9.897602796554565430e-01
9.699254035949707031e-01
1.037105083465576172e+00
9.824193120002746582e-01
9.744598865509033203e-01
9.766821861267089844e-01
9.968646764755249023e-01
1.016351222991943359e+00
1.011623263359069824e+00
9.943518638610839844e-01
9.741659760475158691e-01
1.015932083129882812e+00
9.862680435180664062e-01
1.028594255447387695e+00
1.043927192687988281e+00
1.000698328018188477e+00
1.025600314140319824e+00
9.756456613540649414e-01
9.777793288230895996e-01
1.012879371643066406e+00
1.059813976287841797e+00
9.745778441429138184e-01
9.739692211151123047e-01
9.786962866783142090e-01
9.733734726905822754e-01
1.014120101928710938e+00
1.021614432334899902e+00
1.002545237541198730e+00
9.936228394508361816e-01
9.830852150917053223e-01
9.988738894462585449e-01
9.776224493980407715e-01
9.977607727050781250e-01
9.774101376533508301e-01
9.969841241836547852e-01
9.777521491050720215e-01
9.993550181388854980e-01
9.657052159309387207e-01
9.802698493003845215e-01
9.707384109497070312e-01
1.018317222595214844e+00
1.022654891014099121e+00
1.027213811874389648e+00
9.855700731277465820e-01
1.024953126907348633e+00
9.854066967964172363e-01
9.859511852264404297e-01
1.022780418395996094e+00
9.841454625129699707e-01
9.725463986396789551e-01
9.951242804527282715e-01
9.843064546585083008e-01
1.035051941871643066e+00
9.956851005554199219e-01
9.900972247123718262e-01
9.759690165519714355e-01
1.017346262931823730e+00
1.023847341537475586e+00
1.014998197555541992e+00
1.025916457176208496e+00
9.916553497314453125e-01
9.850307106971740723e-01
9.977931976318359375e-01
1.013283491134643555e+00
9.898669123649597168e-01
9.974629282951354980e-01
9.754953384399414062e-01
9.868323206901550293e-01
1.020557522773742676e+00
9.852550029754638672e-01
9.737805724143981934e-01
9.651294946670532227e-01
9.915801286697387695e-01
9.909474253654479980e-01
9.993032813072204590e-01
1.009441971778869629e+00
9.649692773818969727e-01
9.962119460105895996e-01
1.005773663520812988e+00
9.909726977348327637e-01
9.905540347099304199e-01
1.008436560630798340e+00
9.748948812484741211e-01
1.007838249206542969e+00
9.821258783340454102e-01
9.992008805274963379e-01
1.009973526000976562e+00
9.799830913543701172e-01
9.825620651245117188e-01
9.754635095596313477e-01
9.649760127067565918e-01
9.971451759338378906e-01
9.950045347213745117e-01
1.010618448257446289e+00
1.005283474922180176e+00
1.001925826072692871e+00
9.890230894088745117e-01
1.000068783760070801e+00
9.946268200874328613e-01
9.914740324020385742e-01
9.747918248176574707e-01
9.911185503005981445e-01
9.999082684516906738e-01
9.747037887573242188e-01
9.986506104469299316e-01
1.004707932472229004e+00
9.938627481460571289e-01
9.803984165191650391e-01
1.021615624427795410e+00
9.876874685287475586e-01
9.849756956100463867e-01
9.926859736442565918e-01
1.002448678016662598e+00
1.018551588058471680e+00
1.004426121711730957e+00
9.807283878326416016e-01
9.743412137031555176e-01
9.453938603401184082e-01
9.992514252662658691e-01
1.003212809562683105e+00
9.805766344070434570e-01
9.869279861450195312e-01
9.911121726036071777e-01
9.975910782814025879e-01
9.842321276664733887e-01
1.002278327941894531e+00
9.941799044609069824e-01
9.832488894462585449e-01
1.002934932708740234e+00
9.932122826576232910e-01
9.589395523071289062e-01
9.815413951873779297e-01
9.846173524856567383e-01
1.000400185585021973e+00
9.838766455650329590e-01
9.797408580780029297e-01
9.963936805725097656e-01
1.013359189033508301e+00
1.014100909233093262e+00
9.930054545402526855e-01
1.002493858337402344e+00
1.006028532981872559e+00
9.881220459938049316e-01
9.958652257919311523e-01
1.001822471618652344e+00
9.793179631233215332e-01
9.778546094894409180e-01
9.672214388847351074e-01
9.703068733215332031e-01
1.029318809509277344e+00
1.014011502265930176e+00
1.026442408561706543e+00
9.900888800621032715e-01
9.922174215316772461e-01
9.722301959991455078e-01
9.948448538780212402e-01
1.003108978271484375e+00
9.891201853752136230e-01
9.723953008651733398e-01
9.922209978103637695e-01
9.964407086372375488e-01
1.019042253494262695e+00
1.029467225074768066e+00
9.972994923591613770e-01
9.710157513618469238e-01
1.021084666252136230e+00
9.795156121253967285e-01
9.898299574851989746e-01
9.923021197319030762e-01
9.857451915740966797e-01
9.931239485740661621e-01
1.002879261970520020e+00
9.837801456451416016e-01
9.912469983100891113e-01
9.808859825134277344e-01
1.005684375762939453e+00
1.010893940925598145e+00
1.032513856887817383e+00
9.986514449119567871e-01
1.005206108093261719e+00
9.878534674644470215e-01
1.013029575347900391e+00
9.742720127105712891e-01
9.839143753051757812e-01
1.000617980957031250e+00
1.015559911727905273e+00
9.875362515449523926e-01
1.003840208053588867e+00
9.869495630264282227e-01
1.010128378868103027e+00
9.871109724044799805e-01
9.951075911521911621e-01
9.795160889625549316e-01
1.008301138877868652e+00
9.951586723327636719e-01
1.037696599960327148e+00
9.834777712821960449e-01
1.002518653869628906e+00
1.005904316902160645e+00
9.798285961151123047e-01
9.906592965126037598e-01
9.989149570465087891e-01
9.841220378875732422e-01
9.781607985496520996e-01
1.008596777915954590e+00
9.975280761718750000e-01
1.046098470687866211e+00
1.010821819305419922e+00
1.005867600440979004e+00
1.000125765800476074e+00
9.924614429473876953e-01
9.817083477973937988e-01
9.932484030723571777e-01
9.680424332618713379e-01
1.000346899032592773e+00
9.779843688011169434e-01
9.904536604881286621e-01
9.895619153976440430e-01
1.008200407028198242e+00
1.023283123970031738e+00
9.901655912399291992e-01
9.953941702842712402e-01
1.035067915916442871e+00
1.012700319290161133e+00
9.982996582984924316e-01
1.002398371696472168e+00
9.794220924377441406e-01
9.892204999923706055e-01
9.719563126564025879e-01
9.749511480331420898e-01
1.000343561172485352e+00
9.739797711372375488e-01
1.013214826583862305e+00
