-5.684586707502603531e-03
-7.863536477088928223e-03
-2.576047321781516075e-03
-4.635333083570003510e-03
-6.542157847434282303e-03
-5.538333673030138016e-03
-1.624259725213050842e-02
-7.226460613310337067e-03
-4.874186590313911438e-03
-7.118132896721363068e-03
-6.263283547013998032e-03
-1.537251286208629608e-03
-8.529857732355594635e-03
-1.113747991621494293e-02
-8.212314918637275696e-03
-1.057424210011959076e-02
-1.068063545972108841e-02
-7.943999022245407104e-03
-1.834555342793464661e-02
-7.311503402888774872e-03
-9.737487882375717163e-03
5.989182682242244482e-05
-5.241856910288333893e-03
1.000370737165212631e-02
4.314159043133258820e-03
-1.815980672836303711e-02
-1.978164352476596832e-02
-1.083858683705329895e-02
-1.095204427838325500e-02
4.789333790540695190e-03
-1.145892404019832611e-02
-1.002444140613079071e-02
-1.058309152722358704e-02
-3.222911385819315910e-03
-1.485750428400933743e-03
-1.244368962943553925e-02
-8.235943503677845001e-03
-6.700220517814159393e-03
2.005901187658309937e-03
-2.377631608396768570e-03
1.025407761335372925e-02
-3.767474321648478508e-03
4.205227829515933990e-03
-7.512670941650867462e-03
-2.177255041897296906e-02
-1.727951131761074066e-02
-1.211549714207649231e-02
-3.854029055219143629e-04
-7.801012136042118073e-03
1.376454718410968781e-03
-1.515374425798654556e-02
-1.116819679737091064e-03
-4.211431369185447693e-04
-1.291167456656694412e-03
-7.262143306434154510e-03
-1.117141358554363251e-02
-3.055025357753038406e-03
-1.351833716034889221e-02
5.639495328068733215e-03
-3.838488832116127014e-03
-1.587983407080173492e-02
-8.524652570486068726e-03
-1.407902501523494720e-02
-5.082395393401384354e-03
2.583529101684689522e-03
-5.304070655256509781e-03
-5.125039257109165192e-03
-7.021008990705013275e-03
-1.677663414739072323e-03
4.109244327992200851e-03
-5.610984284430742264e-03
-5.198928993195295334e-03
-1.349670160561800003e-02
9.767872281372547150e-03
4.592108540236949921e-03
3.262599697336554527e-03
8.109100162982940674e-03
-6.301274057477712631e-03
-6.357895210385322571e-03
2.003181958571076393e-03
-6.802992895245552063e-03
-1.070369314402341843e-02
-1.691764034330844879e-02
-1.125084236264228821e-02
-4.580625100061297417e-04
-1.220182515680789948e-02
-3.258587559685111046e-03
-1.524177845567464828e-02
-6.065566092729568481e-03
-6.556921638548374176e-03
-1.410630997270345688e-03
-4.345920402556657791e-03
5.944011732935905457e-03
-8.326088427565991879e-04
-2.380044199526309967e-03
8.246594108641147614e-03
-1.330316346138715744e-02
5.193557590246200562e-03
-7.591523695737123489e-03
-1.137041300535202026e-02
-2.427617460489273071e-02
-1.022930536419153214e-02
-1.039550639688968658e-03
-1.267688814550638199e-02
-6.305763497948646545e-03
-9.956877911463379860e-04
-8.250992395915091038e-04
-6.907495670020580292e-03
7.198057137429714203e-04
-4.995468072593212128e-03
-4.697540309280157089e-03
-8.041451685130596161e-03
-7.563197519630193710e-03
-1.951933838427066803e-02
-9.827583096921443939e-03
-5.172407720237970352e-03
-9.839762002229690552e-03
-1.306552067399024963e-02
-3.163581714034080505e-03
-1.360572315752506256e-02
-1.789334416389465332e-02
-1.257180143147706985e-02
-1.552990917116403580e-02
-2.798180561512708664e-03
-1.190937496721744537e-02
5.753695964813232422e-03
-8.577716536819934845e-03
-1.004545018076896667e-03
1.142264693044126034e-03
5.586263141594827175e-04
-1.631461828947067261e-02
-6.258834153413772583e-03
-4.672322422266006470e-03
-1.206396147608757019e-02
-1.039883866906166077e-02
-1.090209372341632843e-02
-4.994614981114864349e-03
-1.196613884530961514e-04
-8.197830058634281158e-03
-5.437982268631458282e-03
-1.690599881112575531e-02
5.197177175432443619e-03
-4.153885412961244583e-03
-8.050145581364631653e-03
-9.256381541490554810e-03
-1.287632621824741364e-04
-1.799090066924691200e-03
1.680383458733558655e-03
-5.339463707059621811e-03
-1.092995330691337585e-02
4.709936678409576416e-03
-1.300213485956192017e-02
-1.506555452942848206e-02
8.397225174121558666e-04
-4.418907337822020054e-04
2.966039464809000492e-04
-1.137198694050312042e-02
-9.672747924923896790e-03
-4.801826551556587219e-03
-1.180532295256853104e-02
-9.315375238656997681e-03
4.051856696605682373e-03
1.151825534179806709e-03
-6.963646505028009415e-03
4.931663163006305695e-03
-3.049208549782633781e-03
-1.414270699024200439e-02
-1.062343269586563110e-02
8.542376570403575897e-03
-1.049672160297632217e-02
-6.361142732203006744e-03
1.330235973000526428e-03
-1.969592180103063583e-03
-6.651449482887983322e-03
-7.575769443064928055e-03
-1.509005948901176453e-02
-1.770628057420253754e-02
-1.084067579358816147e-02
-1.673542149364948273e-02
-1.145371142774820328e-02
-4.860259592533111572e-03
5.235527642071247101e-04
-5.371922627091407776e-03
-8.453471586108207703e-03
-1.162167172878980637e-02
9.148652898147702217e-04
2.651057904586195946e-03
-4.515960346907377243e-03
-6.049090996384620667e-03
-3.318300587125122547e-04
-4.734502173960208893e-03
-1.014933176338672638e-02
-6.364237517118453979e-03
-1.320631895214319229e-02
-1.242069434374570847e-02
3.628999926149845123e-03
-9.452765807509422302e-03
4.312542267143726349e-03
-7.989039644598960876e-03
-1.489178929477930069e-02
-7.893699221312999725e-03
-8.009965531527996063e-03
-2.297937637194991112e-03
2.507988829165697098e-03
-6.933983881026506424e-03
-1.071942597627639771e-02
-8.918493054807186127e-03
5.422506947070360184e-03
-1.400569337420165539e-03
-1.704461057670414448e-03
-5.453105550259351730e-03
-8.968913927674293518e-03
-5.748327821493148804e-03
-2.059279242530465126e-03
-1.885022409260272980e-02
-6.559881847351789474e-03
-8.123450912535190582e-03
2.434559166431427002e-03
1.241119671612977982e-02
-1.792725734412670135e-02
-1.087427418678998947e-02
-2.225262345746159554e-03
-2.028832398355007172e-02
-1.045317575335502625e-02
-3.480678191408514977e-03
-1.578592462465167046e-03
-1.944165793247520924e-03
-6.700841244310140610e-03
5.069955368526279926e-04
-2.666576299816370010e-03
-1.244859863072633743e-02
-1.773616857826709747e-02
-3.027678467333316803e-03
4.715639632195234299e-03
-1.644172472879290581e-03
-5.022861994802951813e-03
-1.721377111971378326e-02
6.794640328735113144e-03
-8.431765600107610226e-04
7.096334011293947697e-04
-4.026192240417003632e-03
-1.467644330114126205e-02
-1.662568934261798859e-02
-1.537414360791444778e-02
-1.468115672469139099e-02
-6.338276900351047516e-03
-4.611263051629066467e-03
-8.974604308605194092e-03
1.457941369153559208e-03
8.165104081854224205e-04
-8.758716285228729248e-03
-7.488890085369348526e-03
-4.670546855777502060e-03
-1.542462687939405441e-02
-1.126836985349655151e-02
-3.748113987967371941e-03
-9.272378869354724884e-03
-1.615979708731174469e-02
-9.290719404816627502e-03
1.213658507913351059e-02
-9.275388903915882111e-03
-9.930242784321308136e-03
8.574236417189240456e-04
1.029556430876255035e-02
-3.579557873308658600e-03
-4.897317849099636078e-03
-5.739052779972553253e-03
-1.840740791521966457e-03
2.191364765167236328e-03
-1.836534473113715649e-03
-6.484560668468475342e-03
1.648061675950884819e-03
-3.752385731786489487e-03
-9.265146218240261078e-03
-8.344617672264575958e-03
-5.729598924517631531e-03
-1.130285393446683884e-02
-1.424165815114974976e-02
8.888665586709976196e-03
-6.805344484746456146e-03
-8.742693811655044556e-03
-5.060499999672174454e-03
-4.573834594339132309e-03
-1.485122088342905045e-02
4.634336102753877640e-03
-6.571305450052022934e-03
-7.879695855081081390e-03
-4.720784723758697510e-03
5.244606640189886093e-03
-9.322596713900566101e-03
4.151377826929092407e-03
-9.104464203119277954e-03
-1.698470860719680786e-02
-8.336670696735382080e-03
-9.734439663589000702e-03
-1.186733040958642960e-02
1.316770329140126705e-03
-8.431081660091876984e-03
-1.426631491631269455e-02
-4.416810348629951477e-03
-1.785055920481681824e-02
-2.533917780965566635e-03
-7.662121206521987915e-03
9.069294668734073639e-03
-7.692215032875537872e-03
-3.484460990875959396e-03
-6.006936542689800262e-03
-1.564984326250851154e-03
-5.398159846663475037e-03
-1.275003771297633648e-03
-1.161606144160032272e-02
-4.383933264762163162e-03
-3.999435342848300934e-03
1.348596531897783279e-03
-9.703483432531356812e-03
-7.466641254723072052e-03
-3.573381807655096054e-03
-1.810480840504169464e-02
-1.035420224070549011e-03
-7.056470029056072235e-03
-1.524410676211118698e-02
-3.208064008504152298e-03
-6.987592671066522598e-03
-9.744137059897184372e-04
-1.273924950510263443e-02
7.329524029046297073e-03
7.096648216247558594e-03
-1.632433198392391205e-02
-1.975378720089793205e-03
-2.294766716659069061e-03
2.424451056867837906e-03
-1.017327792942523956e-02
1.414756523445248604e-03
-1.120994682423770428e-03
-4.848177079111337662e-03
-3.478766186162829399e-03
-9.071913082152605057e-04
2.921781735494732857e-03
-8.245171979069709778e-03
-7.525515276938676834e-03
-1.403938396833837032e-03
-9.915728121995925903e-03
-7.972762919962406158e-03
-2.507453784346580505e-03
-3.537173615768551826e-04
-5.438074469566345215e-03
-1.318638958036899567e-02
3.875766415148973465e-04
-6.525414530187845230e-03
-4.266451869625598192e-04
-1.487138029187917709e-02
3.673994448035955429e-03
-1.462956424802541733e-02
-2.387103438377380371e-02
9.073251858353614807e-03
-4.625034984201192856e-03
9.270226582884788513e-03
-1.794624328613281250e-02
3.570928471162915230e-03
7.184847258031368256e-03
1.465757726691663265e-03
-3.865280188620090485e-03
-3.548356471583247185e-03
-1.384174916893243790e-02
-9.761188179254531860e-03
-1.033766195178031921e-02
-3.037076210603117943e-03
-3.302463563159108162e-03
-2.540648914873600006e-03
1.298896269872784615e-03
-1.020252937451004982e-03
-6.337328813970088959e-04
3.098042448982596397e-03
-4.929076880216598511e-03
1.652640989050269127e-03
1.200138241983950138e-03
-1.591529138386249542e-02
-9.760363027453422546e-03
-3.520863363519310951e-03
4.780076444149017334e-03
-5.307557992637157440e-03
-1.918544061481952667e-03
-4.574759863317012787e-03
-1.092242915183305740e-02
5.659391172230243683e-03
-1.409479044377803802e-02
-1.636297442018985748e-02
-5.820406135171651840e-03
-6.617815699428319931e-03
-7.312596309930086136e-03
-8.174469694495201111e-03
2.987141022458672523e-03
-1.645306125283241272e-02
-1.092978194355964661e-02
-8.748475462198257446e-03
-1.337911002337932587e-03
-1.781568746082484722e-03
8.871414320310577750e-05
-1.103420834988355637e-02
4.943926818668842316e-03
8.095082594081759453e-04
1.687573036178946495e-03
-1.233457401394844055e-02
-1.394963730126619339e-02
-3.045434365049004555e-03
-1.020009350031614304e-02
-1.151805557310581207e-02
-6.341029424220323563e-03
1.577023882418870926e-03
-1.663563586771488190e-02
-1.090740412473678589e-02
-1.133684301748871803e-03
-6.606275681406259537e-03
-9.293046896345913410e-04
1.566104940138757229e-03
-6.614047568291425705e-03
-1.615742035210132599e-02
1.967761106789112091e-02
-1.387065369635820389e-02
-7.945168763399124146e-03
-3.895739559084177017e-03
5.448387004435062408e-03
-3.745018329937011003e-04
-1.194707397371530533e-02
-3.843579906970262527e-03
-2.798971952870488167e-03
-1.266201306134462357e-02
-1.699432032182812691e-03
-1.300114393234252930e-02
-1.463949098251760006e-03
-9.578381432220339775e-04
-8.966770023107528687e-03
-7.131529506295919418e-03
5.200101062655448914e-03
-1.182151399552822113e-02
-1.454526651650667191e-02
-1.648859865963459015e-02
-8.758470416069030762e-03
-1.744787907227873802e-03
5.012226756662130356e-04
-7.947396486997604370e-03
-7.422973401844501495e-03
-9.238552302122116089e-03
-9.406009688973426819e-03
-6.640875712037086487e-03
-1.030843798071146011e-02
-3.485979977995157242e-03
9.770434349775314331e-03
-8.688349276781082153e-03
7.538654375821352005e-03
-6.252190563827753067e-03
6.508008576929569244e-03
-4.513843916356563568e-03
1.308146119117736816e-02
-8.178014308214187622e-03
-1.325026992708444595e-02
1.987949013710021973e-03
-1.000055018812417984e-02
-1.781482622027397156e-02
-7.646617479622364044e-03
1.005925703793764114e-03
2.182861976325511932e-02
-8.534806780517101288e-03
-4.443100187927484512e-04
-8.622168563306331635e-03
-3.485764376819133759e-03
1.613122643902897835e-03
1.857137866318225861e-02
-6.764760240912437439e-03
-8.577664382755756378e-03
2.668541856110095978e-03
6.906327791512012482e-03
-1.453538611531257629e-02
-6.984250154346227646e-03
-6.283926777541637421e-03
4.273394006304442883e-04
1.468554371967911720e-03
-1.344187557697296143e-02
-4.896954167634248734e-03
-8.459823206067085266e-03
-5.751333665102720261e-03
-6.066026631742715836e-03
-1.364910323172807693e-02
-1.459939405322074890e-02
-1.773953251540660858e-02
-1.668240688741207123e-02
-6.826506927609443665e-03
-1.564463414251804352e-02
-2.894388278946280479e-03
-1.023679133504629135e-02
3.490939270704984665e-03
2.655814168974757195e-03
-5.149552132934331894e-03
-1.106568425893783569e-02
-1.124571776017546654e-03
-3.467366099357604980e-03
-1.270326972007751465e-02
-3.714617341756820679e-03
-1.689454726874828339e-02
-5.717763211578130722e-03
-9.830174036324024200e-03
-9.484969195909798145e-04
3.054369240999221802e-03
-6.083293817937374115e-03
5.669630132615566254e-03
-7.861969061195850372e-03
-5.266441963613033295e-03
-8.031328208744525909e-03
1.633998705074191093e-03
-3.209791146218776703e-03
1.769939903169870377e-03
7.434947183355689049e-04
