1.461462825536727905e-01
1.263323575258255005e-01
5.129314064979553223e-01
3.012752830982208252e-01
1.440268307924270630e-01
-9.178729653358459473e-01
1.807013452053070068e-01
3.826937079429626465e-01
3.603812679648399353e-02
-1.051515936851501465e-01
6.885958909988403320e-01
-5.628582835197448730e-01
5.578349530696868896e-02
-5.181592702865600586e-01
5.827497243881225586e-01
-8.095589280128479004e-01
-6.238214373588562012e-01
-7.560310512781143188e-02
8.300672173500061035e-01
1.859145238995552063e-02
-1.160158440470695496e-01
-9.019883871078491211e-01
6.689882278442382812e-02
-3.423842191696166992e-01
-6.331741809844970703e-01
-2.336375415325164795e-01
1.441062539815902710e-01
-1.745842397212982178e-02
1.911497116088867188e-01
-5.313206315040588379e-01
4.493987262248992920e-01
4.529074132442474365e-01
6.225609779357910156e-01
3.763500750064849854e-01
-8.069923520088195801e-01
-1.972805559635162354e-01
-1.169671654701232910e+00
-1.022554397583007812e+00
-6.305956095457077026e-02
-1.853179885074496269e-03
-5.467208027839660645e-01
-6.791502237319946289e-01
7.421299815177917480e-01
5.368889570236206055e-01
4.944048821926116943e-01
-6.750361323356628418e-01
-3.094033300876617432e-01
4.557506740093231201e-01
2.616943717002868652e-01
-5.421863794326782227e-01
-5.086792111396789551e-01
1.792227178812026978e-01
-2.641411721706390381e-01
-1.054565668106079102e+00
5.615516901016235352e-01
4.009659290313720703e-01
-6.024413704872131348e-01
2.784200310707092285e-01
-3.792909085750579834e-01
-2.055025398731231689e-01
5.947565436363220215e-01
-4.634328186511993408e-02
4.106525182723999023e-01
2.804281711578369141e-01
2.212752252817153931e-01
-7.602447271347045898e-01
3.927817344665527344e-01
1.949183791875839233e-01
7.235347479581832886e-02
2.311336994171142578e-02
1.447035521268844604e-01
-2.399842739105224609e-01
-1.227860674262046814e-01
9.524479508399963379e-01
5.537942647933959961e-01
-2.521980106830596924e-01
1.221407502889633179e-01
9.144255518913269043e-01
3.119128048419952393e-01
4.811311960220336914e-01
3.350082784891128540e-02
-3.549373447895050049e-01
-1.827759742736816406e-01
-3.055728077888488770e-01
-3.774068504571914673e-02
6.687799096107482910e-01
1.720639318227767944e-01
-2.372958511114120483e-01
6.654420495033264160e-01
6.054090261459350586e-01
7.033388018608093262e-01
3.024101555347442627e-01
-9.603441506624221802e-02
-4.207085669040679932e-01
5.171803236007690430e-01
-1.220694929361343384e-01
5.845217108726501465e-01
-2.320604026317596436e-02
-5.183359608054161072e-02
-7.117260694503784180e-01
2.247630655765533447e-01
5.858294963836669922e-01
-4.906925261020660400e-01
1.634487360715866089e-01
2.970353066921234131e-01
1.422103047370910645e-01
-5.641851946711540222e-02
1.470291465520858765e-01
-8.898037672042846680e-01
-2.238713651895523071e-01
2.074726969003677368e-01
-2.288233041763305664e-01
-4.208105802536010742e-01
8.901291340589523315e-02
-4.830794408917427063e-02
2.902474701404571533e-01
-3.874735832214355469e-01
9.590621590614318848e-01
-1.212439239025115967e-01
-1.280327737331390381e-01
-2.417552471160888672e-01
2.695937454700469971e-01
2.927997112274169922e-01
-9.741836786270141602e-01
-6.889149546623229980e-01
3.149523735046386719e-01
1.417146176099777222e-01
1.425715684890747070e-01
