4.006723880767822266e+00
3.375626087188720703e+00
2.121281385421752930e+00
1.686219692230224609e+00
2.364796638488769531e+00
1.475078105926513672e+00
3.903947591781616211e+00
3.893292188644409180e+00
6.116664886474609375e+00
3.190335512161254883e+00
3.675050020217895508e+00
1.943039774894714355e+00
1.974750280380249023e+00
1.265530705451965332e+00
2.835221052169799805e+00
2.943597316741943359e+00
9.813950657844543457e-01
3.213099241256713867e+00
7.266682624816894531e+00
4.349555015563964844e+00
3.942830324172973633e+00
2.410563945770263672e+00
7.778660774230957031e+00
1.028848171234130859e+00
1.087562918663024902e+00
5.747812747955322266e+00
4.585553169250488281e+00
2.234634637832641602e+00
3.342839956283569336e+00
1.687847614288330078e+00
2.875025987625122070e+00
1.960916399955749512e+00
2.224035501480102539e+00
1.038290023803710938e+00
1.865927100181579590e+00
1.532609558105468750e+01
1.197915840148925781e+01
7.163749694824218750e+00
4.404748916625976562e+00
6.448460102081298828e+00
5.360766887664794922e+00
3.443790197372436523e+00
1.605387091636657715e+00
3.861780881881713867e+00
4.529529094696044922e+00
3.730293512344360352e+00
2.033170223236083984e+00
3.881529569625854492e+00
5.105300903320312500e+00
2.602554559707641602e+00
3.383664608001708984e+00
1.195053005218505859e+01
3.921432495117187500e+00
1.133243179321289062e+01
7.383397102355957031e+00
3.050637245178222656e+00
3.775851249694824219e+00
5.754623889923095703e+00
4.605373859405517578e+00
4.717200756072998047e+00
3.906973361968994141e+00
2.378057956695556641e+00
5.173220157623291016e+00
2.786158323287963867e+00
3.003477811813354492e+00
5.101915359497070312e+00
2.563770771026611328e+00
3.850377559661865234e+00
3.472173213958740234e+00
1.188970923423767090e+00
9.911959767341613770e-01
2.331837177276611328e+00
5.880832195281982422e+00
1.802929878234863281e+00
5.803353309631347656e+00
2.168609857559204102e+00
1.805615544319152832e+00
2.201061248779296875e+00
2.992927551269531250e+00
4.871320724487304688e+00
3.859961509704589844e+00
5.713358879089355469e+00
4.119144916534423828e+00
3.540957689285278320e+00
1.109413862228393555e+00
4.920354366302490234e+00
6.736466884613037109e+00
5.266079902648925781e+00
5.620142459869384766e+00
3.662440538406372070e+00
1.831266641616821289e+00
4.412631988525390625e+00
3.843573093414306641e+00
3.812831640243530273e+00
8.151232719421386719e+00
6.956537365913391113e-01
5.416462421417236328e+00
7.626461029052734375e+00
1.129278540611267090e+00
4.695998668670654297e+00
1.345377326011657715e+00
3.206539392471313477e+00
3.322365760803222656e+00
3.317887306213378906e+00
2.830044984817504883e+00
4.836098194122314453e+00
1.565085649490356445e+00
3.002648115158081055e+00
4.015853404998779297e+00
3.895178556442260742e+00
9.313336610794067383e-01
2.374749422073364258e+00
2.664059400558471680e+00
3.667462587356567383e+00
3.130373477935791016e+00
1.692994236946105957e+00
5.550823211669921875e+00
5.575434207916259766e+00
1.601087450981140137e+00
4.659588336944580078e+00
2.697655439376831055e+00
3.150379896163940430e+00
2.991242408752441406e+00
2.156874656677246094e+00
5.280489444732666016e+00
2.483999252319335938e+00
9.936192035675048828e-01
3.170166492462158203e+00
3.684547424316406250e+00
2.895399332046508789e+00
4.600207328796386719e+00
5.564126968383789062e+00
1.685918092727661133e+00
1.922861695289611816e+00
1.373140692710876465e+00
1.618939399719238281e+00
2.947720289230346680e+00
3.159603834152221680e+00
2.638883829116821289e+00
1.184290504455566406e+01
3.313097953796386719e+00
6.455393791198730469e+00
6.029805183410644531e+00
3.271861314773559570e+00
1.676094293594360352e+00
3.940530300140380859e+00
2.458609580993652344e+00
3.297181129455566406e+00
1.999530911445617676e+00
2.660375356674194336e+00
1.835098862648010254e+00
3.097531080245971680e+00
4.465713024139404297e+00
1.537656068801879883e+00
3.037441968917846680e+00
1.830552339553833008e+00
3.291233301162719727e+00
6.349050045013427734e+00
2.742417573928833008e+00
5.854433536529541016e+00
1.947535276412963867e+00
4.057156562805175781e+00
2.567461490631103516e+00
4.608227252960205078e+00
1.302683234214782715e+00
2.151043653488159180e+00
4.742724895477294922e+00
1.240333843231201172e+01
6.972239971160888672e+00
1.791194438934326172e+00
2.300877094268798828e+00
2.956647872924804688e+00
3.732475757598876953e+00
2.497565746307373047e+00
3.852421045303344727e+00
2.141458511352539062e+00
2.604696035385131836e+00
5.542551517486572266e+00
1.860355496406555176e+00
2.789193630218505859e+00
1.832135915756225586e+00
2.470094680786132812e+00
1.112714648246765137e+00
3.032230854034423828e+00
3.847433090209960938e+00
1.935567021369934082e+00
3.114183425903320312e+00
2.733889341354370117e+00
1.463214993476867676e+00
2.622379302978515625e+00
4.093893527984619141e+00
2.863794326782226562e+00
2.711584091186523438e+00
2.605006933212280273e+00
3.035782575607299805e+00
2.734613656997680664e+00
3.930106878280639648e+00
5.411674022674560547e+00
2.551332950592041016e+00
4.053657531738281250e+00
6.622920036315917969e+00
3.216789484024047852e+00
2.964764356613159180e+00
1.983024239540100098e+00
5.541730403900146484e+00
3.527238368988037109e+00
2.266268253326416016e+00
2.632924318313598633e+00
3.110363721847534180e+00
7.930191516876220703e+00
2.244109630584716797e+00
3.076866149902343750e+00
4.048673629760742188e+00
5.600458145141601562e+00
4.838086128234863281e+00
3.395997762680053711e+00
9.526754021644592285e-01
6.349799156188964844e+00
2.472069025039672852e+00
4.179746627807617188e+00
3.011478424072265625e+00
1.936599135398864746e+00
2.619308710098266602e+00
3.337293863296508789e+00
2.951977491378784180e+00
5.176897525787353516e+00
3.398753881454467773e+00
5.740414619445800781e+00
7.114480733871459961e-01
1.541902422904968262e+00
2.883267402648925781e+00
3.193408727645874023e+00
1.617331862449645996e+00
4.004696846008300781e+00
1.394007086753845215e+00
3.437295436859130859e+00
1.839306712150573730e+00
3.326292991638183594e+00
1.623314380645751953e+00
2.271509885787963867e+00
3.028580427169799805e+00
2.499143838882446289e+00
3.900890350341796875e+00
5.967116832733154297e+00
3.699370384216308594e+00
1.745540499687194824e+00
4.909166693687438965e-01
2.078418254852294922e+00
1.715595006942749023e+00
6.807302951812744141e+00
7.563283920288085938e+00
4.950346946716308594e+00
3.006758928298950195e+00
2.672656059265136719e+00
3.231184720993041992e+00
2.237805604934692383e+00
3.198630809783935547e+00
4.068089485168457031e+00
4.652352809906005859e+00
8.300094604492187500e-01
1.021663188934326172e+00
4.240153789520263672e+00
2.262715578079223633e+00
1.566246986389160156e+00
3.736471414566040039e+00
3.556852340698242188e+00
8.122150897979736328e-01
1.890548467636108398e+00
4.740260601043701172e+00
4.225082397460937500e+00
1.839076638221740723e+00
1.789892554283142090e+00
2.269318342208862305e+00
4.267244815826416016e+00
3.294501304626464844e+00
3.459062337875366211e+00
3.412711620330810547e+00
5.905242919921875000e+00
8.543447256088256836e-01
4.699645996093750000e+00
4.995626926422119141e+00
1.835239648818969727e+00
1.789756417274475098e+00
3.871106863021850586e+00
2.883691310882568359e+00
1.246716737747192383e+00
3.968562185764312744e-01
3.128649711608886719e+00
2.317375659942626953e+00
3.432781934738159180e+00
6.695243120193481445e-01
1.281903028488159180e+00
3.349836826324462891e+00
8.925544619560241699e-01
3.857495307922363281e+00
1.440501093864440918e+00
3.188663721084594727e+00
7.306200265884399414e-01
5.545925617218017578e+00
1.678567886352539062e+00
5.927114486694335938e+00
1.810232877731323242e+00
6.417381286621093750e+00
2.243481159210205078e+00
4.063881397247314453e+00
3.192002058029174805e+00
2.197342872619628906e+00
2.341128587722778320e+00
1.764923858642578125e+01
1.220901250839233398e+00
3.590378046035766602e+00
8.102040290832519531e+00
2.979418277740478516e+00
2.070236444473266602e+00
2.631091833114624023e+00
1.695211291313171387e+00
3.155938148498535156e+00
5.903989315032958984e+00
2.095350980758666992e+00
2.067209243774414062e+00
3.760126590728759766e+00
4.169289588928222656e+00
2.271791219711303711e+00
5.299631118774414062e+00
2.484878540039062500e+00
2.950129032135009766e+00
5.033421039581298828e+00
4.623217105865478516e+00
3.642774820327758789e+00
4.251814365386962891e+00
6.369776248931884766e+00
3.822559118270874023e+00
3.130761384963989258e+00
8.410139083862304688e+00
3.023333072662353516e+00
7.653479576110839844e+00
3.245621919631958008e+00
2.488357543945312500e+00
4.160079956054687500e+00
1.821559071540832520e+00
1.488673925399780273e+00
3.885227680206298828e+00
8.211931228637695312e+00
3.606388807296752930e+00
3.323421001434326172e+00
5.052300453186035156e+00
3.303121089935302734e+00
3.143513917922973633e+00
8.739206194877624512e-01
2.907302379608154297e+00
5.724955558776855469e+00
3.518261909484863281e+00
4.418617725372314453e+00
2.911871194839477539e+00
3.532903909683227539e+00
4.442101001739501953e+00
3.076039314270019531e+00
6.004500865936279297e+00
1.482791423797607422e+01
2.720225095748901367e+00
3.160744428634643555e+00
5.902460575103759766e+00
1.606236219406127930e+00
4.991822242736816406e+00
4.690186023712158203e+00
1.816238999366760254e+00
2.312287569046020508e+00
5.464415073394775391e+00
1.376903176307678223e+00
3.124818325042724609e+00
2.460643291473388672e+00
4.199144840240478516e+00
3.228843688964843750e+00
4.679166793823242188e+00
2.632036447525024414e+00
1.058087468147277832e+00
3.703548669815063477e+00
1.007836723327636719e+01
2.899909257888793945e+00
1.266843557357788086e+00
1.497838115692138672e+01
3.315576076507568359e+00
2.603942394256591797e+00
2.222388029098510742e+00
1.827818870544433594e+00
3.891418218612670898e+00
3.126253366470336914e+00
2.430792093276977539e+00
1.052194833755493164e+00
3.305298566818237305e+00
2.258137464523315430e+00
1.207657718658447266e+01
3.606294155120849609e+00
5.994886398315429688e+00
1.884928584098815918e+00
2.731289863586425781e+00
3.877164363861083984e+00
2.285167932510375977e+00
3.041274070739746094e+00
3.981415271759033203e+00
2.824581146240234375e+00
5.364556789398193359e+00
4.934390068054199219e+00
1.252105712890625000e+00
6.439858078956604004e-01
4.107130050659179688e+00
4.970589637756347656e+00
6.437443733215332031e+00
5.543509960174560547e+00
4.022770881652832031e+00
3.693279266357421875e+00
1.333928227424621582e+00
2.499574899673461914e+00
3.034834384918212891e+00
2.172311067581176758e+00
1.860364317893981934e+00
3.108998298645019531e+00
7.024864673614501953e+00
1.180197906494140625e+01
2.630737066268920898e+00
2.407027482986450195e+00
3.828580141067504883e+00
2.694530248641967773e+00
4.866215229034423828e+00
1.130118727684020996e+00
2.875894308090209961e+00
2.478014469146728516e+00
1.591827392578125000e+00
3.484920501708984375e+00
4.086161136627197266e+00
3.564549684524536133e+00
2.107069015502929688e+00
4.070208549499511719e+00
4.266250610351562500e+00
3.746782779693603516e+00
3.943244695663452148e+00
1.002617478370666504e+00
4.008589267730712891e+00
9.371500015258789062e-01
1.240853595733642578e+01
2.192261457443237305e+00
1.356259584426879883e+00
5.635431289672851562e+00
7.097903251647949219e+00
1.289140224456787109e+00
1.430922269821166992e+00
3.282432317733764648e+00
4.491313934326171875e+00
7.272967338562011719e+00
1.930416941642761230e+00
5.032990932464599609e+00
2.276804924011230469e+00
4.397550106048583984e+00
2.101324796676635742e+00
5.489247798919677734e+00
3.277541875839233398e+00
1.360668540000915527e+00
1.152116060256958008e+00
1.896313071250915527e+00
4.774372577667236328e+00
1.443594813346862793e+00
2.416690111160278320e+00
1.708405375480651855e+00
1.230837225914001465e+00
2.684535503387451172e+00
4.524025440216064453e+00
2.191733837127685547e+00
6.898129463195800781e+00
4.973215103149414062e+00
5.085854530334472656e+00
2.591793537139892578e+00
6.196709275245666504e-01
3.125668525695800781e+00
2.551759719848632812e+00
3.108312845230102539e+00
4.000758647918701172e+00
3.730113267898559570e+00
4.563950061798095703e+00
4.725782394409179688e+00
9.666660428047180176e-01
3.974933385848999023e+00
3.027279615402221680e+00
8.341777324676513672e-01
3.499719142913818359e+00
2.344585895538330078e+00
3.955391407012939453e+00
4.181605339050292969e+00
4.803967952728271484e+00
1.773388862609863281e+00
3.098052263259887695e+00
2.485584974288940430e+00
4.541601657867431641e+00
1.934214115142822266e+00
3.031023740768432617e+00
3.991172075271606445e+00
5.505519866943359375e+00
9.667838215827941895e-01
5.914954185485839844e+00
1.432528853416442871e+00
5.040354728698730469e+00
3.365330934524536133e+00
3.318149328231811523e+00
5.794592380523681641e+00
8.226199150085449219e-01
1.780880451202392578e+00
4.903656959533691406e+00
6.506560325622558594e+00
5.503685474395751953e+00
2.247994422912597656e+00
7.927204132080078125e+00
2.033021211624145508e+00
2.484320163726806641e+00
